  0.80278481E-028 -0.17745325E+004  0.34953073E+003  0.49857122E+003
  0.80278481E-028 -0.17754280E+004  0.35114748E+003  0.50326791E+003
  0.80278481E-028 -0.17755132E+004  0.34447600E+003  0.49886770E+003
  0.80278481E-028 -0.17763735E+004  0.35008213E+003  0.50263162E+003
  0.80278481E-028 -0.17767359E+004  0.34880719E+003  0.50194444E+003
  0.80278481E-028 -0.17767737E+004  0.34465955E+003  0.49931648E+003
  0.80278481E-028 -0.17768934E+004  0.34565647E+003  0.50064053E+003
  0.80278481E-028 -0.17769212E+004  0.35013323E+003  0.50145890E+003
  0.80278481E-028 -0.17771072E+004  0.34518564E+003  0.49999231E+003
  0.80278481E-028 -0.17775795E+004  0.34523878E+003  0.49817547E+003
  0.80278481E-028 -0.17780697E+004  0.34735617E+003  0.49939910E+003
  0.80278481E-028 -0.17782286E+004  0.34660477E+003  0.49900835E+003
  0.80278481E-028 -0.17783807E+004  0.34740660E+003  0.50076865E+003
  0.80278481E-028 -0.17783945E+004  0.34810581E+003  0.50168539E+003
  0.80278481E-028 -0.17785926E+004  0.34564225E+003  0.49896646E+003
  0.80278481E-028 -0.17793464E+004  0.34757068E+003  0.50109093E+003
  0.80278481E-028 -0.17795250E+004  0.34682229E+003  0.50051337E+003
  0.80278481E-028 -0.17796094E+004  0.34732282E+003  0.50020902E+003
  0.80278481E-028 -0.17797516E+004  0.34842197E+003  0.50059382E+003
  0.80278481E-028 -0.17787305E+004  0.34864881E+003  0.50045082E+003
  0.80278481E-028 -0.17782206E+004  0.34955643E+003  0.50089180E+003
  0.80278481E-028 -0.17791527E+004  0.34797945E+003  0.50073825E+003
  0.80278481E-028 -0.17777807E+004  0.34725043E+003  0.50062323E+003
  0.80278481E-028 -0.17760379E+004  0.34603140E+003  0.50196711E+003
  0.80278481E-028 -0.17758774E+004  0.34989697E+003  0.50116776E+003
  0.80278481E-028 -0.17771963E+004  0.35021687E+003  0.50076055E+003
  0.80278481E-028 -0.17768735E+004  0.34678472E+003  0.50063545E+003
  0.80278481E-028 -0.17749348E+004  0.34446187E+003  0.49697679E+003
  0.80278481E-028 -0.17795855E+004  0.34758952E+003  0.49992815E+003
  0.80278481E-028 -0.17794101E+004  0.34766939E+003  0.49912986E+003
  0.80278481E-028 -0.17776932E+004  0.34666905E+003  0.50144677E+003
  0.80278481E-028 -0.17740366E+004  0.34662322E+003  0.50197634E+003
  0.80278481E-028 -0.17788926E+004  0.34790707E+003  0.50067992E+003
  0.80278481E-028 -0.17789549E+004  0.34562407E+003  0.49916661E+003
  0.80278481E-028 -0.17760402E+004  0.34640086E+003  0.50159576E+003
  0.80278481E-028 -0.17790061E+004  0.34641040E+003  0.49855943E+003
  0.80278481E-028 -0.17790253E+004  0.34622744E+003  0.49875275E+003
  0.80278481E-028 -0.17765207E+004  0.34458481E+003  0.49814435E+003
  0.80278481E-028 -0.17771507E+004  0.34866804E+003  0.50229700E+003
  0.80278481E-028 -0.17771620E+004  0.34663658E+003  0.50121101E+003
  0.80278481E-028 -0.17783535E+004  0.34611332E+003  0.50091640E+003
  0.80278481E-028 -0.17734115E+004  0.35103286E+003  0.50296672E+003
  0.80278481E-028 -0.17755523E+004  0.35049726E+003  0.50145368E+003
  0.80278481E-028 -0.17785464E+004  0.34807446E+003  0.50033579E+003
  0.80278481E-028 -0.17743735E+004  0.34621443E+003  0.49656528E+003
  0.80278481E-028 -0.17788372E+004  0.34652314E+003  0.49939664E+003
  0.80278481E-028 -0.17758512E+004  0.34573431E+003  0.49675365E+003
  0.80278481E-028 -0.17768806E+004  0.34546984E+003  0.49959261E+003
  0.80278481E-028 -0.17743703E+004  0.34522869E+003  0.49651738E+003
  0.80278481E-028 -0.17772213E+004  0.34893795E+003  0.50205830E+003
  0.80278481E-028 -0.17768233E+004  0.34475009E+003  0.49925051E+003
  0.80278481E-028 -0.17794532E+004  0.34796668E+003  0.50090307E+003
  0.80278481E-028 -0.17784191E+004  0.34640707E+003  0.49930305E+003
  0.80278481E-028 -0.17787705E+004  0.34785464E+003  0.50067120E+003
  0.80278481E-028 -0.17768335E+004  0.35010807E+003  0.50068635E+003
  0.80278481E-028 -0.17757913E+004  0.34434008E+003  0.49737222E+003
  0.80278481E-028 -0.17792131E+004  0.34819496E+003  0.50055100E+003
  0.80278481E-028 -0.17783556E+004  0.34673223E+003  0.49894410E+003
  0.80278481E-028 -0.17791460E+004  0.34836611E+003  0.50180247E+003
  0.80278481E-028 -0.17791532E+004  0.34660086E+003  0.50054918E+003
  0.80278481E-028 -0.17785076E+004  0.34830137E+003  0.50154446E+003
  0.80278481E-028 -0.17757537E+004  0.35036463E+003  0.49977279E+003
  0.80278481E-028 -0.17782807E+004  0.34581109E+003  0.49795343E+003
  0.80278481E-028 -0.17741271E+004  0.34563332E+003  0.50140248E+003
  0.80278481E-028 -0.17780931E+004  0.34637820E+003  0.50023925E+003
  0.80278481E-028 -0.17775186E+004  0.34822981E+003  0.49865788E+003
  0.80278481E-028 -0.17764519E+004  0.34865275E+003  0.50195706E+003
  0.80278481E-028 -0.17759547E+004  0.34472341E+003  0.50058407E+003
  0.80278481E-028 -0.17770804E+004  0.34988773E+003  0.50302995E+003
  0.80278481E-028 -0.17778769E+004  0.34839156E+003  0.50027879E+003
  0.80278481E-028 -0.17783470E+004  0.34595202E+003  0.49868860E+003
  0.80278481E-028 -0.17735766E+004  0.34986148E+003  0.50347506E+003
  0.80278481E-028 -0.17791738E+004  0.34886425E+003  0.50147085E+003
  0.80278481E-028 -0.17775615E+004  0.34836080E+003  0.49854832E+003
  0.80278481E-028 -0.17767267E+004  0.35011675E+003  0.50062345E+003
  0.80278481E-028 -0.17792382E+004  0.34838143E+003  0.49955524E+003
  0.80278481E-028 -0.17754226E+004  0.34599467E+003  0.50169305E+003
  0.80278481E-028 -0.17748761E+004  0.35083966E+003  0.50330045E+003
  0.80278481E-028 -0.17779090E+004  0.34904461E+003  0.49926470E+003
  0.80278481E-028 -0.17792516E+004  0.34623311E+003  0.49886068E+003
  0.80278481E-028 -0.17787185E+004  0.34707249E+003  0.49834609E+003
  0.80278481E-028 -0.17797475E+004  0.34819549E+003  0.50082062E+003
  0.80278481E-028 -0.17789949E+004  0.34763510E+003  0.50084810E+003
  0.80278481E-028 -0.17774696E+004  0.34515550E+003  0.49916826E+003
  0.80278481E-028 -0.17780591E+004  0.34859806E+003  0.50117551E+003
  0.80278481E-028 -0.17753055E+004  0.34966381E+003  0.50251329E+003
  0.80278481E-028 -0.17785729E+004  0.34868447E+003  0.50033515E+003
  0.80278481E-028 -0.17779302E+004  0.34649372E+003  0.50004058E+003
  0.80278481E-028 -0.17754289E+004  0.34519328E+003  0.50107824E+003
