  0.23816799E-002 -0.19141899E+004  0.51196336E+003  0.40555281E+003
  0.23816799E-002 -0.19027374E+004  0.51118626E+003  0.40070039E+003
  0.23816799E-002 -0.19135908E+004  0.51161777E+003  0.40559390E+003
  0.23816799E-002 -0.19106660E+004  0.51140292E+003  0.40522963E+003
  0.23816799E-002 -0.19093781E+004  0.51058904E+003  0.40298497E+003
  0.23816799E-002 -0.19138086E+004  0.51090287E+003  0.40369323E+003
  0.23816799E-002 -0.19142705E+004  0.51107016E+003  0.40375845E+003
  0.23816799E-002 -0.19093448E+004  0.51197043E+003  0.40172689E+003
  0.23816799E-002 -0.19104142E+004  0.51057552E+003  0.40352265E+003
  0.23816799E-002 -0.19112527E+004  0.51085144E+003  0.40252577E+003
  0.23816799E-002 -0.19134151E+004  0.51079127E+003  0.40360668E+003
  0.23816799E-002 -0.19108987E+004  0.51159102E+003  0.40516025E+003
  0.23816799E-002 -0.19142629E+004  0.51139005E+003  0.40343378E+003
  0.23816799E-002 -0.19093019E+004  0.51099171E+003  0.40495084E+003
  0.23816799E-002 -0.18997602E+004  0.50979083E+003  0.40099782E+003
  0.23816799E-002 -0.19064313E+004  0.51080272E+003  0.40127217E+003
  0.23816799E-002 -0.19092639E+004  0.51138016E+003  0.40454658E+003
  0.23816799E-002 -0.19092807E+004  0.51140437E+003  0.40453102E+003
  0.23816799E-002 -0.19092276E+004  0.51046233E+003  0.40189279E+003
  0.23816799E-002 -0.19092019E+004  0.51133396E+003  0.40456115E+003
  0.23816799E-002 -0.19144202E+004  0.51125822E+003  0.40364536E+003
  0.23816799E-002 -0.19110603E+004  0.51090564E+003  0.40351743E+003
  0.23816799E-002 -0.19092276E+004  0.51145126E+003  0.40445777E+003
  0.23816799E-002 -0.19092142E+004  0.51198695E+003  0.40164392E+003
  0.23816799E-002 -0.19092706E+004  0.51045269E+003  0.40306772E+003
  0.23816799E-002 -0.19090833E+004  0.51049157E+003  0.40178992E+003
  0.23816799E-002 -0.19111579E+004  0.51077933E+003  0.40255077E+003
  0.23816799E-002 -0.19090996E+004  0.51055442E+003  0.40287890E+003
  0.23816799E-002 -0.19091385E+004  0.51134253E+003  0.40452077E+003
  0.23816799E-002 -0.19105302E+004  0.51062964E+003  0.40238406E+003
  0.23816799E-002 -0.19090702E+004  0.51091305E+003  0.40491226E+003
  0.23816799E-002 -0.19112871E+004  0.51195775E+003  0.40499208E+003
  0.23816799E-002 -0.19097121E+004  0.51066589E+003  0.40193224E+003
  0.23816799E-002 -0.19108965E+004  0.51111274E+003  0.40168829E+003
  0.23816799E-002 -0.19091358E+004  0.51056333E+003  0.40174383E+003
  0.23816799E-002 -0.18997632E+004  0.51011859E+003  0.40327587E+003
  0.23816799E-002 -0.19114209E+004  0.51103817E+003  0.40242182E+003
  0.23816799E-002 -0.19090818E+004  0.51031907E+003  0.40196406E+003
  0.23816799E-002 -0.19091293E+004  0.51030946E+003  0.40199790E+003
  0.23816799E-002 -0.19091108E+004  0.51031903E+003  0.40197882E+003
  0.23816799E-002 -0.19091462E+004  0.51047439E+003  0.40298296E+003
  0.23816799E-002 -0.19091084E+004  0.51100537E+003  0.40483993E+003
  0.23816799E-002 -0.19114694E+004  0.51097814E+003  0.40250728E+003
  0.23816799E-002 -0.19127599E+004  0.51172282E+003  0.40201480E+003
  0.23816799E-002 -0.19105620E+004  0.51147954E+003  0.40510130E+003
  0.23816799E-002 -0.18911720E+004  0.51013552E+003  0.40457768E+003
  0.23816799E-002 -0.19103889E+004  0.51052030E+003  0.40242323E+003
  0.23816799E-002 -0.19005362E+004  0.51145206E+003  0.40605410E+003
  0.23816799E-002 -0.19139832E+004  0.51070671E+003  0.40267892E+003
  0.23816799E-002 -0.19106119E+004  0.51071064E+003  0.40348674E+003
  0.23816799E-002 -0.19141441E+004  0.51134038E+003  0.40342369E+003
  0.23816799E-002 -0.19128559E+004  0.51175999E+003  0.40202576E+003
  0.23816799E-002 -0.19142679E+004  0.51134129E+003  0.40348518E+003
  0.23816799E-002 -0.18982658E+004  0.50938697E+003  0.40147506E+003
  0.23816799E-002 -0.19091204E+004  0.51182612E+003  0.40175896E+003
  0.23816799E-002 -0.19091044E+004  0.51188912E+003  0.40168715E+003
  0.23816799E-002 -0.19089087E+004  0.51010016E+003  0.40209814E+003
  0.23816799E-002 -0.19090002E+004  0.51138765E+003  0.40440642E+003
  0.23816799E-002 -0.19111957E+004  0.51113933E+003  0.40220505E+003
  0.23816799E-002 -0.19140294E+004  0.51118267E+003  0.40352397E+003
  0.23816799E-002 -0.19089195E+004  0.51056323E+003  0.40277893E+003
  0.23816799E-002 -0.19139071E+004  0.51084651E+003  0.40379945E+003
  0.23816799E-002 -0.19089712E+004  0.51117423E+003  0.40460345E+003
  0.23816799E-002 -0.19095149E+004  0.51132396E+003  0.40472860E+003
  0.23816799E-002 -0.19111775E+004  0.51188131E+003  0.40501270E+003
  0.23816799E-002 -0.19090219E+004  0.51121338E+003  0.40459015E+003
  0.23816799E-002 -0.19089082E+004  0.51123459E+003  0.40451186E+003
  0.23816799E-002 -0.19136052E+004  0.51084287E+003  0.40365081E+003
  0.23816799E-002 -0.19090384E+004  0.51049419E+003  0.40176452E+003
  0.23816799E-002 -0.19090328E+004  0.51057097E+003  0.40282849E+003
  0.23816799E-002 -0.19089339E+004  0.51108843E+003  0.40466972E+003
  0.23816799E-002 -0.18997017E+004  0.50972128E+003  0.40186767E+003
  0.23816799E-002 -0.19089165E+004  0.51028917E+003  0.40305306E+003
  0.23816799E-002 -0.19093542E+004  0.51065238E+003  0.40176437E+003
  0.23816799E-002 -0.19142341E+004  0.51130185E+003  0.40350769E+003
  0.23816799E-002 -0.19089085E+004  0.51042245E+003  0.40291497E+003
  0.23816799E-002 -0.19012525E+004  0.51045231E+003  0.40369660E+003
  0.23816799E-002 -0.19143693E+004  0.51094533E+003  0.40393351E+003
  0.23816799E-002 -0.19119747E+004  0.51146726E+003  0.40187565E+003
  0.23816799E-002 -0.19109816E+004  0.51124424E+003  0.40159809E+003
  0.23816799E-002 -0.19086197E+004  0.51035851E+003  0.40283323E+003
  0.23816799E-002 -0.19111754E+004  0.51185989E+003  0.40503289E+003
  0.23816799E-002 -0.19087720E+004  0.51101495E+003  0.40466114E+003
  0.23816799E-002 -0.19086347E+004  0.51031843E+003  0.40288112E+003
  0.23816799E-002 -0.19089647E+004  0.51089530E+003  0.40487677E+003
  0.23816799E-002 -0.19036529E+004  0.50979401E+003  0.40226213E+003
  0.23816799E-002 -0.19037830E+004  0.50978911E+003  0.40134796E+003
  0.23816799E-002 -0.19112483E+004  0.51117934E+003  0.40219113E+003
  0.23816799E-002 -0.19084382E+004  0.51186075E+003  0.40137781E+003
  0.23816799E-002 -0.19088013E+004  0.51033252E+003  0.40295121E+003
  0.23816799E-002 -0.19087402E+004  0.51181324E+003  0.40157911E+003
  0.23816799E-002 -0.19110719E+004  0.51093759E+003  0.40234674E+003
  0.23816799E-002 -0.19105013E+004  0.51162783E+003  0.40492372E+003
  0.23816799E-002 -0.19039609E+004  0.51040486E+003  0.40389621E+003
  0.23816799E-002 -0.19100722E+004  0.51148387E+003  0.40485052E+003
  0.23816799E-002 -0.19101622E+004  0.51082056E+003  0.40161217E+003
  0.23816799E-002 -0.19084334E+004  0.51079745E+003  0.40470637E+003
  0.23816799E-002 -0.19086067E+004  0.51096188E+003  0.40463057E+003
  0.23816799E-002 -0.19089564E+004  0.51043999E+003  0.40292158E+003
  0.23816799E-002 -0.19086723E+004  0.51094309E+003  0.40468219E+003
  0.23816799E-002 -0.19082811E+004  0.51179700E+003  0.40136258E+003
  0.23816799E-002 -0.19042654E+004  0.51188480E+003  0.40677030E+003
  0.23816799E-002 -0.19043226E+004  0.51144917E+003  0.40124064E+003
  0.23816799E-002 -0.19091994E+004  0.51071615E+003  0.40276673E+003
  0.23816799E-002 -0.19085358E+004  0.51164776E+003  0.40164274E+003
  0.23816799E-002 -0.19108882E+004  0.51080474E+003  0.40353184E+003
  0.23816799E-002 -0.19078699E+004  0.51172432E+003  0.40122743E+003
  0.23816799E-002 -0.19083267E+004  0.51074528E+003  0.40470440E+003
  0.23816799E-002 -0.19108872E+004  0.51154729E+003  0.40519779E+003
  0.23816799E-002 -0.19085912E+004  0.51011051E+003  0.40306823E+003
  0.23816799E-002 -0.19087966E+004  0.51016398E+003  0.40311831E+003
  0.23816799E-002 -0.19101441E+004  0.51075167E+003  0.40320886E+003
  0.23816799E-002 -0.19115022E+004  0.51121338E+003  0.40189354E+003
  0.23816799E-002 -0.19138232E+004  0.51113478E+003  0.40346802E+003
  0.23816799E-002 -0.19130208E+004  0.51155668E+003  0.40536808E+003
  0.23816799E-002 -0.19137772E+004  0.51194559E+003  0.40536310E+003
  0.23816799E-002 -0.19086991E+004  0.51117906E+003  0.40446171E+003
  0.23816799E-002 -0.19087284E+004  0.51113845E+003  0.40451672E+003
  0.23816799E-002 -0.19113823E+004  0.51142056E+003  0.40162251E+003
  0.23816799E-002 -0.19124072E+004  0.51172938E+003  0.40182917E+003
  0.23816799E-002 -0.19088319E+004  0.51128145E+003  0.40442704E+003
  0.23816799E-002 -0.19121054E+004  0.51168558E+003  0.40172048E+003
  0.23816799E-002 -0.19088459E+004  0.51117224E+003  0.40454236E+003
  0.23816799E-002 -0.19138967E+004  0.51124070E+003  0.40339883E+003
  0.23816799E-002 -0.19108459E+004  0.51102801E+003  0.40214043E+003
  0.23816799E-002 -0.19088234E+004  0.51030359E+003  0.40299147E+003
  0.23816799E-002 -0.19093404E+004  0.51043895E+003  0.40197371E+003
  0.23816799E-002 -0.19097530E+004  0.51044176E+003  0.40218022E+003
  0.23816799E-002 -0.19128765E+004  0.51168103E+003  0.40211636E+003
  0.23816799E-002 -0.19119681E+004  0.51151365E+003  0.40182525E+003
  0.23816799E-002 -0.19126202E+004  0.51142519E+003  0.40224587E+003
  0.23816799E-002 -0.19100127E+004  0.51061199E+003  0.40328285E+003
  0.23816799E-002 -0.19132992E+004  0.51067462E+003  0.40366524E+003
  0.23816799E-002 -0.19055118E+004  0.51059935E+003  0.40101113E+003
  0.23816799E-002 -0.19064439E+004  0.51126507E+003  0.40429381E+003
  0.23816799E-002 -0.19134292E+004  0.51158917E+003  0.40554101E+003
  0.23816799E-002 -0.19136817E+004  0.51163357E+003  0.40562393E+003
  0.23816799E-002 -0.19084467E+004  0.51178483E+003  0.40145891E+003
  0.23816799E-002 -0.19140850E+004  0.51103998E+003  0.40369514E+003
  0.23816799E-002 -0.19053632E+004  0.51037767E+003  0.40116114E+003
  0.23816799E-002 -0.19092419E+004  0.51186259E+003  0.40178371E+003
  0.23816799E-002 -0.19065804E+004  0.51074434E+003  0.40140754E+003
  0.23816799E-002 -0.19141561E+004  0.51111822E+003  0.40365255E+003
  0.23816799E-002 -0.19098802E+004  0.51138645E+003  0.40485049E+003
  0.23816799E-002 -0.19086756E+004  0.51122963E+003  0.40439977E+003
  0.23816799E-002 -0.19093447E+004  0.51069100E+003  0.40172041E+003
  0.23816799E-002 -0.19055114E+004  0.51065129E+003  0.40095801E+003
  0.23816799E-002 -0.19144428E+004  0.51116442E+003  0.40244881E+003
  0.23816799E-002 -0.19087771E+004  0.51175152E+003  0.40166022E+003
  0.23816799E-002 -0.19087510E+004  0.51034495E+003  0.40291326E+003
  0.23816799E-002 -0.19087406E+004  0.51189996E+003  0.40149160E+003
  0.23816799E-002 -0.19055943E+004  0.51079878E+003  0.40432866E+003
  0.23816799E-002 -0.19092341E+004  0.51026342E+003  0.40323961E+003
  0.23816799E-002 -0.19056146E+004  0.51082252E+003  0.40431528E+003
  0.23816799E-002 -0.19128193E+004  0.51157420E+003  0.40524950E+003
  0.23816799E-002 -0.19057146E+004  0.51081212E+003  0.40437608E+003
  0.23816799E-002 -0.19087044E+004  0.51180836E+003  0.40156586E+003
  0.23816799E-002 -0.19112312E+004  0.51099407E+003  0.40197853E+003
  0.23816799E-002 -0.19085142E+004  0.51185268E+003  0.40142454E+003
  0.23816799E-002 -0.19066252E+004  0.51062462E+003  0.40155223E+003
  0.23816799E-002 -0.19103035E+004  0.51130007E+003  0.40514918E+003
  0.23816799E-002 -0.19085047E+004  0.51026451E+003  0.40286958E+003
  0.23816799E-002 -0.19059190E+004  0.51043765E+003  0.40177573E+003
  0.23816799E-002 -0.19084633E+004  0.51165554E+003  0.40159809E+003
  0.23816799E-002 -0.19103554E+004  0.51102798E+003  0.40149977E+003
  0.23816799E-002 -0.19079392E+004  0.51165934E+003  0.40132834E+003
  0.23816799E-002 -0.19079033E+004  0.51186195E+003  0.40110523E+003
  0.23816799E-002 -0.19107845E+004  0.51105503E+003  0.40322767E+003
  0.23816799E-002 -0.19143260E+004  0.51101942E+003  0.40383735E+003
  0.23816799E-002 -0.19099914E+004  0.51128769E+003  0.40500436E+003
  0.23816799E-002 -0.19133458E+004  0.51172096E+003  0.40536872E+003
  0.23816799E-002 -0.19075282E+004  0.51155775E+003  0.40122253E+003
  0.23816799E-002 -0.19141830E+004  0.51099820E+003  0.40378650E+003
  0.23816799E-002 -0.19061734E+004  0.51064061E+003  0.40130591E+003
  0.23816799E-002 -0.19072461E+004  0.51116583E+003  0.40131736E+003
  0.23816799E-002 -0.19140008E+004  0.51110005E+003  0.40359241E+003
  0.23816799E-002 -0.19078029E+004  0.51174751E+003  0.40116998E+003
  0.23816799E-002 -0.19068944E+004  0.51092438E+003  0.40138412E+003
  0.23816799E-002 -0.19077304E+004  0.51164661E+003  0.40123525E+003
  0.23816799E-002 -0.19078341E+004  0.51170646E+003  0.40122734E+003
  0.23816799E-002 -0.19070083E+004  0.51102998E+003  0.40133458E+003
  0.23816799E-002 -0.19138513E+004  0.51088394E+003  0.40373376E+003
  0.23816799E-002 -0.19053459E+004  0.51010201E+003  0.40182538E+003
  0.23816799E-002 -0.19038693E+004  0.51127590E+003  0.40118570E+003
  0.23816799E-002 -0.19097032E+004  0.51074820E+003  0.40298935E+003
  0.23816799E-002 -0.19051020E+004  0.51054870E+003  0.40432885E+003
  0.23816799E-002 -0.19042024E+004  0.50989548E+003  0.40243856E+003
  0.23816799E-002 -0.19140285E+004  0.51090247E+003  0.40380460E+003
  0.23816799E-002 -0.19041942E+004  0.50975199E+003  0.40159509E+003
  0.23816799E-002 -0.19062025E+004  0.51065210E+003  0.40130902E+003
  0.23816799E-002 -0.19061504E+004  0.51074370E+003  0.40118925E+003
  0.23816799E-002 -0.19054414E+004  0.51073240E+003  0.40431748E+003
  0.23816799E-002 -0.19034730E+004  0.50970496E+003  0.40127579E+003
  0.23816799E-002 -0.19052109E+004  0.51035372E+003  0.40110796E+003
  0.23816799E-002 -0.19045831E+004  0.50984224E+003  0.40170126E+003
  0.23816799E-002 -0.19093482E+004  0.51051340E+003  0.40304594E+003
  0.23816799E-002 -0.19142583E+004  0.51182454E+003  0.40572457E+003
  0.23816799E-002 -0.19042212E+004  0.51059541E+003  0.40383813E+003
  0.23816799E-002 -0.19109778E+004  0.51161030E+003  0.40518090E+003
  0.23816799E-002 -0.19042036E+004  0.50989582E+003  0.40145359E+003
  0.23816799E-002 -0.19043504E+004  0.51165299E+003  0.40104798E+003
  0.23816799E-002 -0.19051959E+004  0.51025496E+003  0.40120089E+003
  0.23816799E-002 -0.19119442E+004  0.51165490E+003  0.40166982E+003
  0.23816799E-002 -0.19127850E+004  0.51145662E+003  0.40534863E+003
  0.23816799E-002 -0.19117769E+004  0.51126206E+003  0.40198352E+003
  0.23816799E-002 -0.19127356E+004  0.51185508E+003  0.40186825E+003
  0.23816799E-002 -0.19114614E+004  0.51100948E+003  0.40247144E+003
  0.23816799E-002 -0.19058989E+004  0.51042191E+003  0.40138880E+003
  0.23816799E-002 -0.19143079E+004  0.51117456E+003  0.40367264E+003
  0.23816799E-002 -0.19123133E+004  0.51128058E+003  0.40223685E+003
  0.23816799E-002 -0.19042377E+004  0.51001497E+003  0.40233594E+003
  0.23816799E-002 -0.19132125E+004  0.51185724E+003  0.40516691E+003
  0.23816799E-002 -0.19131355E+004  0.51160221E+003  0.40538061E+003
  0.23816799E-002 -0.19041389E+004  0.50986082E+003  0.40244130E+003
  0.23816799E-002 -0.19052457E+004  0.50995489E+003  0.40192402E+003
  0.23816799E-002 -0.19040274E+004  0.50989182E+003  0.40235348E+003
  0.23816799E-002 -0.19060495E+004  0.51112195E+003  0.40423712E+003
  0.23816799E-002 -0.19089433E+004  0.51030406E+003  0.40190901E+003
  0.23816799E-002 -0.19049163E+004  0.51034688E+003  0.40096496E+003
  0.23816799E-002 -0.19093583E+004  0.51028639E+003  0.40213744E+003
  0.23816799E-002 -0.19039580E+004  0.50993453E+003  0.40227515E+003
  0.23816799E-002 -0.19035672E+004  0.51130859E+003  0.40099870E+003
  0.23816799E-002 -0.19058977E+004  0.51068938E+003  0.40459044E+003
  0.23816799E-002 -0.19108758E+004  0.51075923E+003  0.40357137E+003
  0.23816799E-002 -0.19061974E+004  0.51078783E+003  0.40116828E+003
  0.23816799E-002 -0.19105431E+004  0.51074548E+003  0.40341690E+003
  0.23816799E-002 -0.19143801E+004  0.51138814E+003  0.40349482E+003
  0.23816799E-002 -0.19042551E+004  0.51008912E+003  0.40226997E+003
  0.23816799E-002 -0.19050344E+004  0.50991652E+003  0.40283947E+003
  0.23816799E-002 -0.19043685E+004  0.51157826E+003  0.40113304E+003
  0.23816799E-002 -0.19053493E+004  0.51047662E+003  0.40105334E+003
  0.23816799E-002 -0.19094131E+004  0.51127009E+003  0.40473081E+003
  0.23816799E-002 -0.19094272E+004  0.51102995E+003  0.40497601E+003
  0.23816799E-002 -0.19094551E+004  0.51140315E+003  0.40461998E+003
  0.23816799E-002 -0.19143391E+004  0.51106976E+003  0.40249201E+003
  0.23816799E-002 -0.19095060E+004  0.51191101E+003  0.40186877E+003
  0.23816799E-002 -0.19140895E+004  0.51188670E+003  0.40557823E+003
  0.23816799E-002 -0.19096065E+004  0.51042044E+003  0.40327009E+003
  0.23816799E-002 -0.19096148E+004  0.51036971E+003  0.40332528E+003
  0.23816799E-002 -0.19096314E+004  0.51061492E+003  0.40194297E+003
  0.23816799E-002 -0.19135133E+004  0.51160850E+003  0.40556415E+003
  0.23816799E-002 -0.19097220E+004  0.51067676E+003  0.40192624E+003
  0.23816799E-002 -0.19097466E+004  0.51153596E+003  0.40463503E+003
  0.23816799E-002 -0.19097554E+004  0.51073769E+003  0.40302630E+003
  0.23816799E-002 -0.19140669E+004  0.51174800E+003  0.40570419E+003
  0.23816799E-002 -0.19140258E+004  0.51171699E+003  0.40571420E+003
  0.23816799E-002 -0.19109646E+004  0.51074882E+003  0.40248366E+003
  0.23816799E-002 -0.19104421E+004  0.51089413E+003  0.40207125E+003
  0.23816799E-002 -0.19098385E+004  0.51117217E+003  0.40504199E+003
  0.23816799E-002 -0.19116771E+004  0.51151289E+003  0.40167839E+003
  0.23816799E-002 -0.19098575E+004  0.51113308E+003  0.40509028E+003
  0.23816799E-002 -0.19140504E+004  0.51192790E+003  0.40551784E+003
  0.23816799E-002 -0.19099310E+004  0.51049546E+003  0.40221608E+003
  0.23816799E-002 -0.19133070E+004  0.51167180E+003  0.40539787E+003
  0.23816799E-002 -0.19099821E+004  0.51047257E+003  0.40340761E+003
  0.23816799E-002 -0.19099894E+004  0.51054852E+003  0.40219191E+003
  0.23816799E-002 -0.19099923E+004  0.51133293E+003  0.40495999E+003
  0.23816799E-002 -0.19100303E+004  0.51155497E+003  0.40475895E+003
  0.23816799E-002 -0.19104600E+004  0.51126710E+003  0.40526062E+003
  0.23816799E-002 -0.19100386E+004  0.51058056E+003  0.40218443E+003
  0.23816799E-002 -0.19100458E+004  0.51083611E+003  0.40307421E+003
  0.23816799E-002 -0.19143508E+004  0.51195223E+003  0.40564467E+003
  0.23816799E-002 -0.19100722E+004  0.51082483E+003  0.40195384E+003
  0.23816799E-002 -0.19129003E+004  0.51168662E+003  0.40212277E+003
  0.23816799E-002 -0.19136913E+004  0.51180121E+003  0.40546287E+003
  0.23816799E-002 -0.19101326E+004  0.51129886E+003  0.40506439E+003
  0.23816799E-002 -0.19101368E+004  0.51060780E+003  0.40220660E+003
  0.23816799E-002 -0.19107882E+004  0.51103314E+003  0.40325159E+003
  0.23816799E-002 -0.19144295E+004  0.51143611E+003  0.40347159E+003
  0.23816799E-002 -0.19109097E+004  0.51116049E+003  0.40318496E+003
  0.23816799E-002 -0.19101768E+004  0.51098189E+003  0.40299387E+003
  0.23816799E-002 -0.19133142E+004  0.51168691E+003  0.40538655E+003
  0.23816799E-002 -0.19102244E+004  0.51095473E+003  0.40304527E+003
  0.23816799E-002 -0.19102473E+004  0.51132974E+003  0.40509148E+003
  0.23816799E-002 -0.19109654E+004  0.51071203E+003  0.40252137E+003
  0.23816799E-002 -0.19130559E+004  0.51171214E+003  0.40523183E+003
  0.23816799E-002 -0.19138544E+004  0.51183414E+003  0.40551221E+003
  0.23816799E-002 -0.19138620E+004  0.51183362E+003  0.40551653E+003
  0.23816799E-002 -0.19104058E+004  0.51099653E+003  0.40309499E+003
  0.23816799E-002 -0.19104277E+004  0.51104506E+003  0.40305722E+003
  0.23816799E-002 -0.19107548E+004  0.51155338E+003  0.40512511E+003
  0.23816799E-002 -0.19110775E+004  0.51123188E+003  0.40165928E+003
  0.23816799E-002 -0.19104851E+004  0.51052055E+003  0.40247180E+003
  0.23816799E-002 -0.19104869E+004  0.51088314E+003  0.40171342E+003
  0.23816799E-002 -0.19122452E+004  0.51137794E+003  0.40210354E+003
  0.23816799E-002 -0.19144194E+004  0.51098068E+003  0.40392332E+003
  0.23816799E-002 -0.19126174E+004  0.51180810E+003  0.40185599E+003
  0.23816799E-002 -0.19105325E+004  0.51061884E+003  0.40353889E+003
  0.23816799E-002 -0.19105435E+004  0.51141241E+003  0.40515859E+003
  0.23816799E-002 -0.19105626E+004  0.51087620E+003  0.40215055E+003
  0.23816799E-002 -0.19105691E+004  0.51106927E+003  0.40310439E+003
  0.23816799E-002 -0.19135293E+004  0.51197250E+003  0.40521198E+003
  0.23816799E-002 -0.19105972E+004  0.51069225E+003  0.40235462E+003
  0.23816799E-002 -0.19106008E+004  0.51080207E+003  0.40224510E+003
  0.23816799E-002 -0.19140849E+004  0.51073315E+003  0.40270367E+003
  0.23816799E-002 -0.19106194E+004  0.51095916E+003  0.40324058E+003
  0.23816799E-002 -0.19142346E+004  0.51120867E+003  0.40360142E+003
  0.23816799E-002 -0.19113133E+004  0.51121551E+003  0.40333376E+003
  0.23816799E-002 -0.19139569E+004  0.51070130E+003  0.40267107E+003
  0.23816799E-002 -0.19106636E+004  0.51109860E+003  0.40158451E+003
  0.23816799E-002 -0.19106219E+004  0.51149317E+003  0.40511798E+003
  0.23816799E-002 -0.19107105E+004  0.51120453E+003  0.40150081E+003
  0.23816799E-002 -0.19107216E+004  0.51055939E+003  0.40255238E+003
  0.23816799E-002 -0.19107321E+004  0.51068293E+003  0.40243251E+003
  0.23816799E-002 -0.19107328E+004  0.51093031E+003  0.40179033E+003
  0.23816799E-002 -0.19107494E+004  0.51073740E+003  0.40238603E+003
  0.23816799E-002 -0.19107622E+004  0.51132806E+003  0.40140172E+003
  0.23816799E-002 -0.19106611E+004  0.51095251E+003  0.40326835E+003
  0.23816799E-002 -0.19107716E+004  0.51092234E+003  0.40220983E+003
  0.23816799E-002 -0.19110185E+004  0.51069553E+003  0.40256501E+003
  0.23816799E-002 -0.19107872E+004  0.51109444E+003  0.40318942E+003
  0.23816799E-002 -0.19102898E+004  0.51084781E+003  0.40164927E+003
  0.23816799E-002 -0.19108008E+004  0.51184991E+003  0.40485424E+003
  0.23816799E-002 -0.19108067E+004  0.51074494E+003  0.40355076E+003
  0.23816799E-002 -0.19108097E+004  0.51067974E+003  0.40247508E+003
  0.23816799E-002 -0.19108113E+004  0.51102255E+003  0.40173661E+003
  0.23816799E-002 -0.19129733E+004  0.51181281E+003  0.40203177E+003
  0.23816799E-002 -0.19126694E+004  0.51142139E+003  0.40227469E+003
  0.23816799E-002 -0.19108580E+004  0.51091038E+003  0.40187407E+003
  0.23816799E-002 -0.19108800E+004  0.51185078E+003  0.40489324E+003
  0.23816799E-002 -0.19139439E+004  0.51095126E+003  0.40371296E+003
  0.23816799E-002 -0.19134996E+004  0.51162332E+003  0.40554258E+003
  0.23816799E-002 -0.19109007E+004  0.51099951E+003  0.40334229E+003
  0.23816799E-002 -0.19109103E+004  0.51077769E+003  0.40357023E+003
  0.23816799E-002 -0.19134467E+004  0.51162627E+003  0.40551311E+003
  0.23816799E-002 -0.19134016E+004  0.51158886E+003  0.40552749E+003
  0.23816799E-002 -0.19109783E+004  0.51177412E+003  0.40501872E+003
  0.23816799E-002 -0.19109917E+004  0.51130001E+003  0.40154664E+003
  0.23816799E-002 -0.19110229E+004  0.51138245E+003  0.40147879E+003
  0.23816799E-002 -0.19111070E+004  0.51081933E+003  0.40248442E+003
  0.23816799E-002 -0.19110418E+004  0.51100541E+003  0.40226268E+003
  0.23816799E-002 -0.19102576E+004  0.51075571E+003  0.40326221E+003
  0.23816799E-002 -0.19110661E+004  0.51133421E+003  0.40154970E+003
  0.23816799E-002 -0.19110844E+004  0.51175197E+003  0.40509412E+003
  0.23816799E-002 -0.19115762E+004  0.51132018E+003  0.40182273E+003
  0.23816799E-002 -0.19111526E+004  0.51102734E+003  0.40344172E+003
  0.23816799E-002 -0.19111576E+004  0.51190758E+003  0.40497666E+003
  0.23816799E-002 -0.19111856E+004  0.51076148E+003  0.40258293E+003
  0.23816799E-002 -0.19112184E+004  0.51135400E+003  0.40160689E+003
  0.23816799E-002 -0.19112412E+004  0.51115790E+003  0.40335524E+003
  0.23816799E-002 -0.19139232E+004  0.51109204E+003  0.40356130E+003
  0.23816799E-002 -0.19112807E+004  0.51107082E+003  0.40231758E+003
  0.23816799E-002 -0.19113802E+004  0.51109259E+003  0.40234603E+003
  0.23816799E-002 -0.19113076E+004  0.51149892E+003  0.40150508E+003
  0.23816799E-002 -0.19113291E+004  0.51105088E+003  0.40236237E+003
  0.23816799E-002 -0.19113301E+004  0.51143976E+003  0.40157652E+003
  0.23816799E-002 -0.19138252E+004  0.51091603E+003  0.40368841E+003
  0.23816799E-002 -0.19142301E+004  0.51087540E+003  0.40263330E+003
  0.23816799E-002 -0.19109938E+004  0.51092974E+003  0.40231507E+003
  0.23816799E-002 -0.19114797E+004  0.51121918E+003  0.40226816E+003
  0.23816799E-002 -0.19114924E+004  0.51122548E+003  0.40226824E+003
  0.23816799E-002 -0.19132353E+004  0.51154686E+003  0.40548553E+003
  0.23816799E-002 -0.19109464E+004  0.51090688E+003  0.40231420E+003
  0.23816799E-002 -0.19103565E+004  0.51081792E+003  0.40171345E+003
  0.23816799E-002 -0.19111819E+004  0.51107092E+003  0.40226739E+003
  0.23816799E-002 -0.19110570E+004  0.51101152E+003  0.40187241E+003
  0.23816799E-002 -0.19126187E+004  0.51170725E+003  0.40195894E+003
  0.23816799E-002 -0.19104561E+004  0.51105483E+003  0.40152364E+003
  0.23816799E-002 -0.19135778E+004  0.51171295E+003  0.40549319E+003
  0.23816799E-002 -0.19116788E+004  0.51138321E+003  0.40181080E+003
  0.23816799E-002 -0.19116952E+004  0.51158847E+003  0.40161089E+003
  0.23816799E-002 -0.19117267E+004  0.51115923E+003  0.40206238E+003
  0.23816799E-002 -0.19117777E+004  0.51116457E+003  0.40208283E+003
  0.23816799E-002 -0.19109023E+004  0.51139031E+003  0.40140963E+003
  0.23816799E-002 -0.19118774E+004  0.51148109E+003  0.40181230E+003
  0.23816799E-002 -0.19109970E+004  0.51094391E+003  0.40344693E+003
  0.23816799E-002 -0.19134168E+004  0.51073407E+003  0.40366492E+003
  0.23816799E-002 -0.19107701E+004  0.51171082E+003  0.40497674E+003
  0.23816799E-002 -0.19139854E+004  0.51125777E+003  0.40342649E+003
  0.23816799E-002 -0.19097417E+004  0.51049789E+003  0.40211757E+003
  0.23816799E-002 -0.19122313E+004  0.51171479E+003  0.40175472E+003
  0.23816799E-002 -0.19113354E+004  0.51198707E+003  0.40498730E+003
  0.23816799E-002 -0.19122458E+004  0.51160352E+003  0.40187499E+003
  0.23816799E-002 -0.19122533E+004  0.51133244E+003  0.40215380E+003
  0.23816799E-002 -0.19122604E+004  0.51136559E+003  0.40212377E+003
  0.23816799E-002 -0.19136964E+004  0.51100106E+003  0.40353814E+003
  0.23816799E-002 -0.19123075E+004  0.51161971E+003  0.40188984E+003
  0.23816799E-002 -0.19098779E+004  0.51044217E+003  0.40224316E+003
  0.23816799E-002 -0.19123698E+004  0.51155654E+003  0.40198556E+003
  0.23816799E-002 -0.19123764E+004  0.51171077E+003  0.40183245E+003
  0.23816799E-002 -0.19105552E+004  0.51068217E+003  0.40234350E+003
  0.23816799E-002 -0.19125276E+004  0.51157647E+003  0.40204540E+003
  0.23816799E-002 -0.19125325E+004  0.51153821E+003  0.40208670E+003
  0.23816799E-002 -0.19125393E+004  0.51178414E+003  0.40184064E+003
  0.23816799E-002 -0.19109742E+004  0.51100325E+003  0.40183880E+003
  0.23816799E-002 -0.19125949E+004  0.51182491E+003  0.40182751E+003
  0.23816799E-002 -0.19125991E+004  0.51165277E+003  0.40200425E+003
  0.23816799E-002 -0.19126369E+004  0.51177456E+003  0.40189990E+003
  0.23816799E-002 -0.19108251E+004  0.51098550E+003  0.40178116E+003
  0.23816799E-002 -0.19135377E+004  0.51081034E+003  0.40364943E+003
  0.23816799E-002 -0.19109089E+004  0.51111154E+003  0.40323379E+003
  0.23816799E-002 -0.19121248E+004  0.51140808E+003  0.40201188E+003
  0.23816799E-002 -0.19131225E+004  0.51165882E+003  0.40531808E+003
  0.23816799E-002 -0.19127229E+004  0.51160139E+003  0.40211921E+003
  0.23816799E-002 -0.19127271E+004  0.51152322E+003  0.40525367E+003
  0.23816799E-002 -0.19127284E+004  0.51182765E+003  0.40189247E+003
  0.23816799E-002 -0.19127352E+004  0.51180723E+003  0.40191663E+003
  0.23816799E-002 -0.19141447E+004  0.51195490E+003  0.40553850E+003
  0.23816799E-002 -0.19142629E+004  0.51196929E+003  0.40558363E+003
  0.23816799E-002 -0.19143631E+004  0.51184773E+003  0.40575425E+003
  0.23816799E-002 -0.19127682E+004  0.51185798E+003  0.40188186E+003
  0.23816799E-002 -0.19127752E+004  0.51179514E+003  0.40194917E+003
  0.23816799E-002 -0.19098881E+004  0.51090137E+003  0.40292881E+003
  0.23816799E-002 -0.19134656E+004  0.51198188E+003  0.40517072E+003
  0.23816799E-002 -0.19128146E+004  0.51168850E+003  0.40207735E+003
  0.23816799E-002 -0.19128374E+004  0.51174135E+003  0.40203532E+003
  0.23816799E-002 -0.19128454E+004  0.51159465E+003  0.40218818E+003
  0.23816799E-002 -0.19128497E+004  0.51155475E+003  0.40528406E+003
  0.23816799E-002 -0.19128539E+004  0.51178302E+003  0.40200141E+003
  0.23816799E-002 -0.19128548E+004  0.51167230E+003  0.40517029E+003
  0.23816799E-002 -0.19114970E+004  0.51140542E+003  0.40169604E+003
  0.23816799E-002 -0.19129130E+004  0.51160850E+003  0.40526265E+003
  0.23816799E-002 -0.19129269E+004  0.51173925E+003  0.40514023E+003
  0.23816799E-002 -0.19140539E+004  0.51106725E+003  0.40365210E+003
  0.23816799E-002 -0.19139974E+004  0.51186520E+003  0.40555327E+003
  0.23816799E-002 -0.19129366E+004  0.51148567E+003  0.40539606E+003
  0.23816799E-002 -0.19142437E+004  0.51183216E+003  0.40570970E+003
  0.23816799E-002 -0.19129813E+004  0.51174606E+003  0.40210356E+003
  0.23816799E-002 -0.19143156E+004  0.51105549E+003  0.40249457E+003
  0.23816799E-002 -0.19129955E+004  0.51189415E+003  0.40196052E+003
  0.23816799E-002 -0.19129986E+004  0.51173014E+003  0.40212845E+003
  0.23816799E-002 -0.19130087E+004  0.51146687E+003  0.40545084E+003
  0.23816799E-002 -0.19130252E+004  0.51163597E+003  0.40529182E+003
  0.23816799E-002 -0.19123686E+004  0.51167083E+003  0.40186899E+003
  0.23816799E-002 -0.19137951E+004  0.51192811E+003  0.40538941E+003
  0.23816799E-002 -0.19130654E+004  0.51184306E+003  0.40204778E+003
  0.23816799E-002 -0.19107355E+004  0.51168402E+003  0.40498590E+003
  0.23816799E-002 -0.19102298E+004  0.51071000E+003  0.40215018E+003
  0.23816799E-002 -0.19131422E+004  0.51150066E+003  0.40548450E+003
  0.23816799E-002 -0.19143945E+004  0.51100628E+003  0.40388510E+003
  0.23816799E-002 -0.19140630E+004  0.51127505E+003  0.40344825E+003
  0.23816799E-002 -0.19132344E+004  0.51157249E+003  0.40545970E+003
  0.23816799E-002 -0.19134098E+004  0.51181292E+003  0.40530986E+003
  0.23816799E-002 -0.19140999E+004  0.51198817E+003  0.40548305E+003
  0.23816799E-002 -0.19132910E+004  0.51153848E+003  0.40552179E+003
  0.23816799E-002 -0.19139905E+004  0.51175215E+003  0.40566166E+003
  0.23816799E-002 -0.19141447E+004  0.51187961E+003  0.40561302E+003
  0.23816799E-002 -0.19133209E+004  0.51186588E+003  0.40521280E+003
  0.23816799E-002 -0.19133224E+004  0.51184523E+003  0.40523402E+003
  0.23816799E-002 -0.19142152E+004  0.51128198E+003  0.40351812E+003
  0.23816799E-002 -0.19133407E+004  0.51181488E+003  0.40527325E+003
  0.23816799E-002 -0.19133565E+004  0.51181178E+003  0.40528421E+003
  0.23816799E-002 -0.19094689E+004  0.51028971E+003  0.40219023E+003
  0.23816799E-002 -0.19109525E+004  0.51080720E+003  0.40241832E+003
  0.23816799E-002 -0.19134345E+004  0.51078016E+003  0.40362760E+003
  0.23816799E-002 -0.19134375E+004  0.51072612E+003  0.40368332E+003
  0.23816799E-002 -0.19134447E+004  0.51182638E+003  0.40531410E+003
  0.23816799E-002 -0.19134472E+004  0.51163943E+003  0.40550033E+003
  0.23816799E-002 -0.19126587E+004  0.51147191E+003  0.40221800E+003
  0.23816799E-002 -0.19131876E+004  0.51193498E+003  0.40507749E+003
  0.23816799E-002 -0.19134857E+004  0.51168278E+003  0.40547677E+003
  0.23816799E-002 -0.19134906E+004  0.51191827E+003  0.40524618E+003
  0.23816799E-002 -0.19134949E+004  0.51197405E+003  0.40519318E+003
  0.23816799E-002 -0.19135052E+004  0.51086038E+003  0.40358281E+003
  0.23816799E-002 -0.19135160E+004  0.51080956E+003  0.40363927E+003
  0.23816799E-002 -0.19135309E+004  0.51078405E+003  0.40367234E+003
  0.23816799E-002 -0.19143560E+004  0.51116701E+003  0.40370445E+003
  0.23816799E-002 -0.19135496E+004  0.51199140E+003  0.40520347E+003
  0.23816799E-002 -0.19135752E+004  0.51184800E+003  0.40535821E+003
  0.23816799E-002 -0.19135832E+004  0.51160441E+003  0.40560329E+003
  0.23816799E-002 -0.19135862E+004  0.51162487E+003  0.40558456E+003
  0.23816799E-002 -0.19143104E+004  0.51115151E+003  0.40369699E+003
  0.23816799E-002 -0.19135969E+004  0.51166530E+003  0.40554995E+003
  0.23816799E-002 -0.19136083E+004  0.51167711E+003  0.40554396E+003
  0.23816799E-002 -0.19136110E+004  0.51081489E+003  0.40368181E+003
  0.23816799E-002 -0.19136197E+004  0.51179829E+003  0.40542978E+003
  0.23816799E-002 -0.19107140E+004  0.51095971E+003  0.40175095E+003
  0.23816799E-002 -0.19103193E+004  0.51163069E+003  0.40482928E+003
  0.23816799E-002 -0.19105704E+004  0.51068326E+003  0.40349327E+003
  0.23816799E-002 -0.19135637E+004  0.51080111E+003  0.40367178E+003
  0.23816799E-002 -0.19136628E+004  0.51084707E+003  0.40367568E+003
  0.23816799E-002 -0.19136728E+004  0.51197301E+003  0.40528354E+003
  0.23816799E-002 -0.19136972E+004  0.51170537E+003  0.40556067E+003
  0.23816799E-002 -0.19133632E+004  0.51177767E+003  0.40532136E+003
  0.23816799E-002 -0.19137140E+004  0.51095514E+003  0.40359308E+003
  0.23816799E-002 -0.19137181E+004  0.51085457E+003  0.40369603E+003
  0.23816799E-002 -0.19137260E+004  0.51193883E+003  0.40534411E+003
  0.23816799E-002 -0.19137429E+004  0.51188340E+003  0.40540746E+003
  0.23816799E-002 -0.19137659E+004  0.51172114E+003  0.40557954E+003
  0.23816799E-002 -0.19137676E+004  0.51196609E+003  0.40533799E+003
  0.23816799E-002 -0.19137900E+004  0.51083006E+003  0.40375690E+003
  0.23816799E-002 -0.19138008E+004  0.51086939E+003  0.40372291E+003
  0.23816799E-002 -0.19132584E+004  0.51186941E+003  0.40517793E+003
  0.23816799E-002 -0.19129444E+004  0.51145925E+003  0.40542610E+003
  0.23816799E-002 -0.19137410E+004  0.51173978E+003  0.40554861E+003
  0.23816799E-002 -0.19138305E+004  0.51087299E+003  0.40373427E+003
  0.23816799E-002 -0.19138515E+004  0.51184537E+003  0.40549962E+003
  0.23816799E-002 -0.19138696E+004  0.51094810E+003  0.40367864E+003
  0.23816799E-002 -0.19138794E+004  0.51083575E+003  0.40379628E+003
  0.23816799E-002 -0.19138832E+004  0.51178587E+003  0.40557441E+003
  0.23816799E-002 -0.19138873E+004  0.51113475E+003  0.40350036E+003
  0.23816799E-002 -0.19130328E+004  0.51153529E+003  0.40539523E+003
  0.23816799E-002 -0.19137701E+004  0.51105036E+003  0.40352587E+003
  0.23816799E-002 -0.19139115E+004  0.51188747E+003  0.40548807E+003
  0.23816799E-002 -0.19139214E+004  0.51083099E+003  0.40382223E+003
  0.23816799E-002 -0.19139378E+004  0.51186978E+003  0.40551880E+003
  0.23816799E-002 -0.19110467E+004  0.51125042E+003  0.40162484E+003
  0.23816799E-002 -0.19139538E+004  0.51125074E+003  0.40341760E+003
  0.23816799E-002 -0.19139567E+004  0.51131915E+003  0.40335041E+003
  0.23816799E-002 -0.19139590E+004  0.51133253E+003  0.40333815E+003
  0.23816799E-002 -0.19110547E+004  0.51080438E+003  0.40247303E+003
  0.23816799E-002 -0.19112176E+004  0.51110550E+003  0.40185856E+003
  0.23816799E-002 -0.19116657E+004  0.51113323E+003  0.40205777E+003
  0.23816799E-002 -0.19139844E+004  0.51114760E+003  0.40353648E+003
  0.23816799E-002 -0.19122841E+004  0.51134544E+003  0.40215623E+003
  0.23816799E-002 -0.19139957E+004  0.51121971E+003  0.40346982E+003
  0.23816799E-002 -0.19120922E+004  0.51144081E+003  0.40196214E+003
  0.23816799E-002 -0.19140014E+004  0.51125868E+003  0.40343362E+003
  0.23816799E-002 -0.19140101E+004  0.51091544E+003  0.40378231E+003
  0.23816799E-002 -0.19112211E+004  0.51110758E+003  0.40225010E+003
  0.23816799E-002 -0.19125107E+004  0.51140316E+003  0.40221267E+003
  0.23816799E-002 -0.19140231E+004  0.51177872E+003  0.40565175E+003
  0.23816799E-002 -0.19140269E+004  0.51090828E+003  0.40379795E+003
  0.23816799E-002 -0.19140307E+004  0.51178125E+003  0.40565308E+003
  0.23816799E-002 -0.19140354E+004  0.51115661E+003  0.40355317E+003
  0.23816799E-002 -0.19140368E+004  0.51071785E+003  0.40269479E+003
  0.23816799E-002 -0.19140422E+004  0.51118901E+003  0.40352409E+003
  0.23816799E-002 -0.19140509E+004  0.51086390E+003  0.40385456E+003
  0.23816799E-002 -0.19140510E+004  0.51089991E+003  0.40381851E+003
  0.23816799E-002 -0.19140554E+004  0.51174002E+003  0.40570628E+003
  0.23816799E-002 -0.19096988E+004  0.51122479E+003  0.40491947E+003
  0.23816799E-002 -0.19140701E+004  0.51133549E+003  0.40339124E+003
  0.23816799E-002 -0.19142152E+004  0.51095375E+003  0.40254660E+003
  0.23816799E-002 -0.19109674E+004  0.51116419E+003  0.40167207E+003
  0.23816799E-002 -0.19140962E+004  0.51082840E+003  0.40261310E+003
  0.23816799E-002 -0.19140965E+004  0.51098945E+003  0.40375165E+003
  0.23816799E-002 -0.19138255E+004  0.51193648E+003  0.40539640E+003
  0.23816799E-002 -0.19141032E+004  0.51132187E+003  0.40342159E+003
  0.23816799E-002 -0.19141127E+004  0.51091976E+003  0.40382972E+003
  0.23816799E-002 -0.19107703E+004  0.51158203E+003  0.40510451E+003
  0.23816799E-002 -0.19141234E+004  0.51174718E+003  0.40573335E+003
  0.23816799E-002 -0.19107661E+004  0.51109529E+003  0.40317790E+003
  0.23816799E-002 -0.19137501E+004  0.51174456E+003  0.40554844E+003
  0.23816799E-002 -0.19102660E+004  0.51170936E+003  0.40472446E+003
  0.23816799E-002 -0.19141445E+004  0.51094051E+003  0.40382493E+003
  0.23816799E-002 -0.19139843E+004  0.51132634E+003  0.40335712E+003
  0.23816799E-002 -0.19141577E+004  0.51081451E+003  0.40265827E+003
  0.23816799E-002 -0.19115890E+004  0.51154236E+003  0.40160380E+003
  0.23816799E-002 -0.19140383E+004  0.51126847E+003  0.40344244E+003
  0.23816799E-002 -0.19141704E+004  0.51132745E+003  0.40344991E+003
  0.23816799E-002 -0.19141745E+004  0.51088010E+003  0.40260044E+003
  0.23816799E-002 -0.19141910E+004  0.51136828E+003  0.40341934E+003
  0.23816799E-002 -0.19141913E+004  0.51128950E+003  0.40349853E+003
  0.23816799E-002 -0.19099491E+004  0.51159375E+003  0.40467960E+003
  0.23816799E-002 -0.19102834E+004  0.51146721E+003  0.40497333E+003
  0.23816799E-002 -0.19142077E+004  0.51195722E+003  0.40556784E+003
  0.23816799E-002 -0.19142118E+004  0.51120210E+003  0.40359653E+003
  0.23816799E-002 -0.19142166E+004  0.51179359E+003  0.40573425E+003
  0.23816799E-002 -0.19132612E+004  0.51158476E+003  0.40546101E+003
  0.23816799E-002 -0.19107420E+004  0.51066231E+003  0.40245841E+003
  0.23816799E-002 -0.19133482E+004  0.51072255E+003  0.40364187E+003
  0.23816799E-002 -0.19096998E+004  0.51039165E+003  0.40334621E+003
  0.23816799E-002 -0.19142395E+004  0.51099438E+003  0.40251785E+003
  0.23816799E-002 -0.19142399E+004  0.51095310E+003  0.40255976E+003
  0.23816799E-002 -0.19142455E+004  0.51095519E+003  0.40386115E+003
  0.23816799E-002 -0.19106506E+004  0.51058536E+003  0.40249007E+003
  0.23816799E-002 -0.19142472E+004  0.51129955E+003  0.40351665E+003
  0.23816799E-002 -0.19142564E+004  0.51177980E+003  0.40576789E+003
  0.23816799E-002 -0.19133769E+004  0.51188484E+003  0.40522219E+003
  0.23816799E-002 -0.19142644E+004  0.51099690E+003  0.40382888E+003
  0.23816799E-002 -0.19142661E+004  0.51185174E+003  0.40570157E+003
  0.23816799E-002 -0.19142666E+004  0.51117210E+003  0.40365424E+003
  0.23816799E-002 -0.19142836E+004  0.51108048E+003  0.40375470E+003
  0.23816799E-002 -0.19142910E+004  0.51116755E+003  0.40367113E+003
  0.23816799E-002 -0.19142956E+004  0.51097788E+003  0.40256291E+003
  0.23816799E-002 -0.19142987E+004  0.51134237E+003  0.40349965E+003
  0.23816799E-002 -0.19137784E+004  0.51193750E+003  0.40537171E+003
  0.23816799E-002 -0.19143060E+004  0.51102908E+003  0.40251641E+003
  0.23816799E-002 -0.19143060E+004  0.51191090E+003  0.40566307E+003
  0.23816799E-002 -0.19143113E+004  0.51113147E+003  0.40371754E+003
  0.23816799E-002 -0.19143124E+004  0.51110387E+003  0.40374576E+003
  0.23816799E-002 -0.19143218E+004  0.51078942E+003  0.40276661E+003
  0.23816799E-002 -0.19129536E+004  0.51158285E+003  0.40530840E+003
  0.23816799E-002 -0.19113272E+004  0.51196547E+003  0.40500461E+003
  0.23816799E-002 -0.19143285E+004  0.51097789E+003  0.40388030E+003
  0.23816799E-002 -0.19143393E+004  0.51123277E+003  0.40363008E+003
  0.23816799E-002 -0.19143406E+004  0.51108447E+003  0.40377944E+003
  0.23816799E-002 -0.19143527E+004  0.51105740E+003  0.40251137E+003
  0.23816799E-002 -0.19140650E+004  0.51117695E+003  0.40354769E+003
  0.23816799E-002 -0.19130757E+004  0.51174375E+003  0.40521050E+003
  0.23816799E-002 -0.19143694E+004  0.51117683E+003  0.40370138E+003
  0.23816799E-002 -0.19143708E+004  0.51131492E+003  0.40356355E+003
  0.23816799E-002 -0.19143783E+004  0.51135080E+003  0.40353137E+003
  0.23816799E-002 -0.19143787E+004  0.51106088E+003  0.40252104E+003
  0.23816799E-002 -0.19143790E+004  0.51084997E+003  0.40273436E+003
  0.23816799E-002 -0.19123304E+004  0.51139925E+003  0.40212514E+003
  0.23816799E-002 -0.19143834E+004  0.51187052E+003  0.40574189E+003
  0.23816799E-002 -0.19117928E+004  0.51115702E+003  0.40209816E+003
  0.23816799E-002 -0.19143884E+004  0.51082148E+003  0.40276791E+003
  0.23816799E-002 -0.19134509E+004  0.51158228E+003  0.40555875E+003
  0.23816799E-002 -0.19099288E+004  0.51040343E+003  0.40230829E+003
  0.23816799E-002 -0.19144123E+004  0.51112077E+003  0.40377921E+003
  0.23816799E-002 -0.19143885E+004  0.51193811E+003  0.40567759E+003
  0.23816799E-002 -0.19144185E+004  0.51114996E+003  0.40375306E+003
  0.23816799E-002 -0.19104851E+004  0.51070207E+003  0.40228776E+003
  0.23816799E-002 -0.19144440E+004  0.51133184E+003  0.40358354E+003
  0.23816799E-002 -0.19144496E+004  0.51183338E+003  0.40581188E+003
  0.23816799E-002 -0.19143851E+004  0.51107798E+003  0.40380843E+003
  0.23816799E-002 -0.19144316E+004  0.51121027E+003  0.40369917E+003
  0.23816799E-002 -0.19142778E+004  0.51112052E+003  0.40371165E+003
  0.23816799E-002 -0.19109169E+004  0.51084555E+003  0.40350531E+003
  0.23816799E-002 -0.19143920E+004  0.51180887E+003  0.40580724E+003
  0.23816799E-002 -0.19105634E+004  0.51060438E+003  0.40242651E+003
  0.23816799E-002 -0.19143115E+004  0.51097114E+003  0.40387846E+003
  0.23816799E-002 -0.19138704E+004  0.51116729E+003  0.40345922E+003
  0.23816799E-002 -0.19097913E+004  0.51046921E+003  0.40331446E+003
  0.23816799E-002 -0.19095602E+004  0.51072370E+003  0.40294165E+003
  0.23816799E-002 -0.19119181E+004  0.51139872E+003  0.40191652E+003
  0.23816799E-002 -0.19143864E+004  0.51141087E+003  0.40347519E+003
  0.23816799E-002 -0.19134598E+004  0.51163510E+003  0.40551094E+003
  0.23816799E-002 -0.19096629E+004  0.51139467E+003  0.40473299E+003
  0.23816799E-002 -0.19108757E+004  0.51158495E+003  0.40515467E+003
  0.23816799E-002 -0.19095048E+004  0.51108113E+003  0.40496428E+003
  0.23816799E-002 -0.19143284E+004  0.51103687E+003  0.40251988E+003
  0.23816799E-002 -0.19140419E+004  0.51113947E+003  0.40357365E+003
  0.23816799E-002 -0.19100124E+004  0.51069732E+003  0.40166121E+003
  0.23816799E-002 -0.19144072E+004  0.51196441E+003  0.40566092E+003
  0.23816799E-002 -0.19139255E+004  0.51109568E+003  0.40355883E+003
  0.23816799E-002 -0.19101111E+004  0.51079311E+003  0.40200572E+003
  0.23816799E-002 -0.19099431E+004  0.51066554E+003  0.40204979E+003
  0.23816799E-002 -0.19136206E+004  0.51095201E+003  0.40354911E+003
  0.23816799E-002 -0.19132513E+004  0.51178554E+003  0.40525737E+003
  0.23816799E-002 -0.19112234E+004  0.51142864E+003  0.40153366E+003
  0.23816799E-002 -0.19094238E+004  0.51116069E+003  0.40484467E+003
  0.23816799E-002 -0.19139247E+004  0.51178927E+003  0.40559189E+003
  0.23816799E-002 -0.19109407E+004  0.51109737E+003  0.40172632E+003
  0.23816799E-002 -0.19114789E+004  0.51121495E+003  0.40188010E+003
  0.23816799E-002 -0.19133266E+004  0.51156353E+003  0.40551486E+003
  0.23816799E-002 -0.19141824E+004  0.51093876E+003  0.40254518E+003
  0.23816799E-002 -0.19099107E+004  0.51058858E+003  0.40211141E+003
  0.23816799E-002 -0.19121444E+004  0.51159096E+003  0.40183630E+003
  0.23816799E-002 -0.19139493E+004  0.51105480E+003  0.40361185E+003
  0.23816799E-002 -0.19119971E+004  0.51153732E+003  0.40181597E+003
  0.23816799E-002 -0.19143428E+004  0.51113589E+003  0.40372899E+003
  0.23816799E-002 -0.19098647E+004  0.51073226E+003  0.40308706E+003
  0.23816799E-002 -0.19134283E+004  0.51076156E+003  0.40364316E+003
  0.23816799E-002 -0.19141481E+004  0.51121017E+003  0.40355627E+003
  0.23816799E-002 -0.19141349E+004  0.51134748E+003  0.40341188E+003
  0.23816799E-002 -0.19105629E+004  0.51058628E+003  0.40244462E+003
  0.23816799E-002 -0.19116805E+004  0.51127341E+003  0.40231507E+003
  0.23816799E-002 -0.19101170E+004  0.51092085E+003  0.40302499E+003
  0.23816799E-002 -0.19108945E+004  0.51168801E+003  0.40506195E+003
  0.23816799E-002 -0.19144167E+004  0.51091087E+003  0.40269187E+003
  0.23816799E-002 -0.19141294E+004  0.51079343E+003  0.40266522E+003
  0.23816799E-002 -0.19103916E+004  0.51054598E+003  0.40239855E+003
  0.23816799E-002 -0.19114571E+004  0.51114647E+003  0.40233042E+003
  0.23816799E-002 -0.19142529E+004  0.51113717E+003  0.40368239E+003
  0.23816799E-002 -0.19132019E+004  0.51155905E+003  0.40545667E+003
  0.23816799E-002 -0.19097255E+004  0.51064528E+003  0.40195993E+003
  0.23816799E-002 -0.19101101E+004  0.51161702E+003  0.40473755E+003
  0.23816799E-002 -0.19135986E+004  0.51191939E+003  0.40529935E+003
  0.23816799E-002 -0.19100002E+004  0.51068179E+003  0.40167078E+003
  0.23816799E-002 -0.19141883E+004  0.51097138E+003  0.40251519E+003
  0.23816799E-002 -0.19126489E+004  0.51138931E+003  0.40534687E+003
  0.23816799E-002 -0.19136069E+004  0.51095469E+003  0.40353953E+003
  0.23816799E-002 -0.19137875E+004  0.51113106E+003  0.40345374E+003
  0.23816799E-002 -0.19129506E+004  0.51186382E+003  0.40196848E+003
  0.23816799E-002 -0.19102941E+004  0.51133366E+003  0.40511113E+003
  0.23816799E-002 -0.19108356E+004  0.51134733E+003  0.40141943E+003
  0.23816799E-002 -0.19114816E+004  0.51106076E+003  0.40242974E+003
  0.23816799E-002 -0.19107473E+004  0.51076246E+003  0.40235956E+003
  0.23816799E-002 -0.19109894E+004  0.51062494E+003  0.40262183E+003
  0.23816799E-002 -0.19116089E+004  0.51132600E+003  0.40183340E+003
  0.23816799E-002 -0.19103118E+004  0.51130851E+003  0.40514496E+003
  0.23816799E-002 -0.19140657E+004  0.51081493E+003  0.40261127E+003
  0.23816799E-002 -0.19107522E+004  0.51087130E+003  0.40339615E+003
  0.23816799E-002 -0.19139560E+004  0.51174396E+003  0.40565246E+003
  0.23816799E-002 -0.19104232E+004  0.51165714E+003  0.40485534E+003
  0.23816799E-002 -0.19134932E+004  0.51185963E+003  0.40530553E+003
  0.23816799E-002 -0.19143202E+004  0.51112132E+003  0.40373220E+003
  0.23816799E-002 -0.19110294E+004  0.51094187E+003  0.40346536E+003
  0.23816799E-002 -0.19140315E+004  0.51117150E+003  0.40353624E+003
  0.23816799E-002 -0.19134699E+004  0.51186284E+003  0.40529068E+003
  0.23816799E-002 -0.19104911E+004  0.51071303E+003  0.40342323E+003
  0.23816799E-002 -0.19140433E+004  0.51121505E+003  0.40349851E+003
  0.23816799E-002 -0.19139843E+004  0.51119186E+003  0.40349203E+003
  0.23816799E-002 -0.19144049E+004  0.51106249E+003  0.40253266E+003
  0.23816799E-002 -0.19133571E+004  0.51171736E+003  0.40537796E+003
  0.23816799E-002 -0.19108737E+004  0.51155655E+003  0.40518185E+003
  0.23816799E-002 -0.19129673E+004  0.51191367E+003  0.40192642E+003
  0.23816799E-002 -0.19108565E+004  0.51061389E+003  0.40256558E+003
  0.23816799E-002 -0.19129065E+004  0.51160492E+003  0.40526292E+003
  0.23816799E-002 -0.19110699E+004  0.51078526E+003  0.40250012E+003
  0.23816799E-002 -0.19139681E+004  0.51099452E+003  0.40368177E+003
  0.23816799E-002 -0.19139925E+004  0.51075365E+003  0.40263622E+003
  0.23816799E-002 -0.19143508E+004  0.51185243E+003  0.40574340E+003
  0.23816799E-002 -0.19123041E+004  0.51175078E+003  0.40175516E+003
  0.23816799E-002 -0.19143504E+004  0.51099698E+003  0.40257131E+003
  0.23816799E-002 -0.19116092E+004  0.51114041E+003  0.40241370E+003
  0.23816799E-002 -0.19142240E+004  0.51179685E+003  0.40573473E+003
  0.23816799E-002 -0.19138307E+004  0.51185948E+003  0.40547520E+003
  0.23816799E-002 -0.19142923E+004  0.51106194E+003  0.40247624E+003
  0.23816799E-002 -0.19144433E+004  0.51109471E+003  0.40251952E+003
  0.23816799E-002 -0.19142561E+004  0.51100782E+003  0.40381370E+003
  0.23816799E-002 -0.19113175E+004  0.51123924E+003  0.40331203E+003
  0.23816799E-002 -0.19121211E+004  0.51143102E+003  0.40198673E+003
  0.23816799E-002 -0.19123651E+004  0.51144473E+003  0.40209659E+003
  0.23816799E-002 -0.19140875E+004  0.51098451E+003  0.40375206E+003
  0.23816799E-002 -0.19110275E+004  0.51091054E+003  0.40235161E+003
  0.23816799E-002 -0.19135437E+004  0.51090979E+003  0.40355268E+003
  0.23816799E-002 -0.19142115E+004  0.51128963E+003  0.40350855E+003
  0.23816799E-002 -0.19144375E+004  0.51111235E+003  0.40249874E+003
  0.23816799E-002 -0.19143618E+004  0.51097497E+003  0.40259933E+003
  0.23816799E-002 -0.19132623E+004  0.51178583E+003  0.40526257E+003
  0.23816799E-002 -0.19131644E+004  0.51178590E+003  0.40521334E+003
  0.23816799E-002 -0.19100516E+004  0.51163165E+003  0.40469362E+003
  0.23816799E-002 -0.19101004E+004  0.51052984E+003  0.40340983E+003
  0.23816799E-002 -0.19094974E+004  0.51197540E+003  0.40179928E+003
  0.23816799E-002 -0.19107251E+004  0.51102626E+003  0.40168911E+003
  0.23816799E-002 -0.19139054E+004  0.51124790E+003  0.40339600E+003
  0.23816799E-002 -0.19134301E+004  0.51187316E+003  0.40526046E+003
  0.23816799E-002 -0.19142776E+004  0.51093261E+003  0.40389999E+003
  0.23816799E-002 -0.19102126E+004  0.51065592E+003  0.40219629E+003
  0.23816799E-002 -0.19100546E+004  0.51091185E+003  0.40300251E+003
  0.23816799E-002 -0.19142704E+004  0.51113054E+003  0.40369785E+003
  0.23816799E-002 -0.19143346E+004  0.51179433E+003  0.40579280E+003
  0.23816799E-002 -0.19113025E+004  0.51125144E+003  0.40329218E+003
  0.23816799E-002 -0.19140109E+004  0.51131344E+003  0.40338351E+003
  0.23816799E-002 -0.19119638E+004  0.51150180E+003  0.40183511E+003
  0.23816799E-002 -0.19098463E+004  0.51072860E+003  0.40193677E+003
  0.23816799E-002 -0.19136595E+004  0.51166587E+003  0.40558083E+003
  0.23816799E-002 -0.19141382E+004  0.51129616E+003  0.40346503E+003
  0.23816799E-002 -0.19104518E+004  0.51082736E+003  0.40328838E+003
  0.23816799E-002 -0.19131465E+004  0.51164733E+003  0.40534148E+003
  0.23816799E-002 -0.19140485E+004  0.51075638E+003  0.40266178E+003
  0.23816799E-002 -0.19102553E+004  0.51168710E+003  0.40474115E+003
  0.23816799E-002 -0.19141908E+004  0.51116984E+003  0.40361828E+003
  0.23816799E-002 -0.19140954E+004  0.51124495E+003  0.40349479E+003
  0.23816799E-002 -0.19142769E+004  0.51181524E+003  0.40574312E+003
  0.23816799E-002 -0.19142610E+004  0.51183104E+003  0.40571950E+003
  0.23816799E-002 -0.19140391E+004  0.51090015E+003  0.40381225E+003
  0.23816799E-002 -0.19110707E+004  0.51092671E+003  0.40235714E+003
  0.23816799E-002 -0.19106974E+004  0.51108527E+003  0.40161515E+003
  0.23816799E-002 -0.19106297E+004  0.51079535E+003  0.40226656E+003
  0.23816799E-002 -0.19141769E+004  0.51081129E+003  0.40267123E+003
  0.23816799E-002 -0.19142898E+004  0.51132731E+003  0.40351029E+003
  0.23816799E-002 -0.19105398E+004  0.51076662E+003  0.40225006E+003
  0.23816799E-002 -0.19137428E+004  0.51086896E+003  0.40369404E+003
  0.23816799E-002 -0.19140027E+004  0.51195497E+003  0.40546710E+003
  0.23816799E-002 -0.19100574E+004  0.51051772E+003  0.40340030E+003
  0.23816799E-002 -0.19143219E+004  0.51113143E+003  0.40372295E+003
  0.23816799E-002 -0.19144243E+004  0.51120127E+003  0.40240224E+003
  0.23816799E-002 -0.19104026E+004  0.51144054E+003  0.40505979E+003
  0.23816799E-002 -0.19111218E+004  0.51189800E+003  0.40496813E+003
  0.23816799E-002 -0.19106240E+004  0.51071052E+003  0.40234969E+003
  0.23816799E-002 -0.19105861E+004  0.51149804E+003  0.40509511E+003
  0.23816799E-002 -0.19100203E+004  0.51074051E+003  0.40315746E+003
  0.23816799E-002 -0.19140887E+004  0.51126947E+003  0.40346684E+003
  0.23816799E-002 -0.19141376E+004  0.51119127E+003  0.40356997E+003
  0.23816799E-002 -0.19143015E+004  0.51102166E+003  0.40252164E+003
  0.23816799E-002 -0.19110362E+004  0.51114686E+003  0.40172455E+003
  0.23816799E-002 -0.19111029E+004  0.51105848E+003  0.40223990E+003
  0.23816799E-002 -0.19094729E+004  0.51122507E+003  0.40480552E+003
  0.23816799E-002 -0.19095953E+004  0.51055143E+003  0.40313265E+003
  0.23816799E-002 -0.19108944E+004  0.51136930E+003  0.40142698E+003
  0.23816799E-002 -0.19107533E+004  0.51061118E+003  0.40251599E+003
  0.23816799E-002 -0.19142344E+004  0.51082744E+003  0.40268397E+003
  0.23816799E-002 -0.19128526E+004  0.51176347E+003  0.40202056E+003
  0.23816799E-002 -0.19141205E+004  0.51098397E+003  0.40376925E+003
  0.23816799E-002 -0.19099457E+004  0.51066881E+003  0.40319183E+003
  0.23816799E-002 -0.19138380E+004  0.51099450E+003  0.40361616E+003
  0.23816799E-002 -0.19111388E+004  0.51123966E+003  0.40168246E+003
  0.23816799E-002 -0.19144393E+004  0.51194583E+003  0.40569544E+003
  0.23816799E-002 -0.19136832E+004  0.51166725E+003  0.40559134E+003
  0.23816799E-002 -0.19142029E+004  0.51110921E+003  0.40368519E+003
  0.23816799E-002 -0.19113232E+004  0.51124487E+003  0.40177074E+003
  0.23816799E-002 -0.19112720E+004  0.51126948E+003  0.40171980E+003
  0.23816799E-002 -0.19099697E+004  0.51065861E+003  0.40321426E+003
  0.23816799E-002 -0.19094311E+004  0.51042172E+003  0.40318006E+003
  0.23816799E-002 -0.19136414E+004  0.51161975E+003  0.40561736E+003
  0.23816799E-002 -0.19125007E+004  0.51149996E+003  0.40210939E+003
  0.23816799E-002 -0.19113045E+004  0.51120455E+003  0.40334031E+003
  0.23816799E-002 -0.19107987E+004  0.51108049E+003  0.40320925E+003
  0.23816799E-002 -0.19143098E+004  0.51091980E+003  0.40262878E+003
  0.23816799E-002 -0.19143512E+004  0.51108352E+003  0.40248426E+003
  0.23816799E-002 -0.19108471E+004  0.51168720E+003  0.40503888E+003
  0.23816799E-002 -0.19117644E+004  0.51117283E+003  0.40206768E+003
  0.23816799E-002 -0.19101181E+004  0.51087120E+003  0.40307547E+003
  0.23816799E-002 -0.19130092E+004  0.51181947E+003  0.40510218E+003
  0.23816799E-002 -0.19135424E+004  0.51078642E+003  0.40367579E+003
  0.23816799E-002 -0.19123099E+004  0.51170316E+003  0.40180644E+003
  0.23816799E-002 -0.19143358E+004  0.51090836E+003  0.40265346E+003
  0.23816799E-002 -0.19113787E+004  0.51126787E+003  0.40177558E+003
  0.23816799E-002 -0.19128519E+004  0.51188725E+003  0.40189467E+003
  0.23816799E-002 -0.19125382E+004  0.51134601E+003  0.40228458E+003
  0.23816799E-002 -0.19121694E+004  0.51146702E+003  0.40197469E+003
  0.23816799E-002 -0.19138730E+004  0.51098194E+003  0.40364641E+003
  0.23816799E-002 -0.19114291E+004  0.51098458E+003  0.40248033E+003
  0.23816799E-002 -0.19123854E+004  0.51176966E+003  0.40177726E+003
  0.23816799E-002 -0.19112847E+004  0.51101363E+003  0.40237762E+003
  0.23816799E-002 -0.19107121E+004  0.51124844E+003  0.40145706E+003
  0.23816799E-002 -0.19141213E+004  0.51100284E+003  0.40375072E+003
  0.23816799E-002 -0.19141325E+004  0.51189503E+003  0.40559163E+003
  0.23816799E-002 -0.19143663E+004  0.51095417E+003  0.40262261E+003
  0.23816799E-002 -0.19119951E+004  0.51125586E+003  0.40210051E+003
  0.23816799E-002 -0.19101654E+004  0.51145923E+003  0.40492186E+003
  0.23816799E-002 -0.19143153E+004  0.51104747E+003  0.40380381E+003
  0.23816799E-002 -0.19104804E+004  0.51176053E+003  0.40478164E+003
  0.23816799E-002 -0.19141979E+004  0.51194953E+003  0.40557055E+003
  0.23816799E-002 -0.19103326E+004  0.51060521E+003  0.40230860E+003
  0.23816799E-002 -0.19138782E+004  0.51086312E+003  0.40376825E+003
  0.23816799E-002 -0.19126750E+004  0.51173971E+003  0.40195455E+003
  0.23816799E-002 -0.19103097E+004  0.51085524E+003  0.40318843E+003
  0.23816799E-002 -0.19139305E+004  0.51194356E+003  0.40544211E+003
  0.23816799E-002 -0.19110870E+004  0.51143425E+003  0.40145877E+003
  0.23816799E-002 -0.19110381E+004  0.51102516E+003  0.40184898E+003
  0.23816799E-002 -0.19100262E+004  0.51132625E+003  0.40498367E+003
  0.23816799E-002 -0.19142518E+004  0.51091484E+003  0.40390480E+003
  0.23816799E-002 -0.19111274E+004  0.51100840E+003  0.40230307E+003
  0.23816799E-002 -0.19141483E+004  0.51085869E+003  0.40260884E+003
  0.23816799E-002 -0.19098267E+004  0.51072062E+003  0.40307953E+003
  0.23816799E-002 -0.19126105E+004  0.51163736E+003  0.40202572E+003
  0.23816799E-002 -0.19136007E+004  0.51182385E+003  0.40539496E+003
  0.23816799E-002 -0.19112855E+004  0.51110321E+003  0.40343265E+003
  0.23816799E-002 -0.19143384E+004  0.51100799E+003  0.40385509E+003
  0.23816799E-002 -0.19133151E+004  0.51156590E+003  0.40550678E+003
  0.23816799E-002 -0.19142618E+004  0.51078413E+003  0.40274162E+003
  0.23816799E-002 -0.19108132E+004  0.51119565E+003  0.40156193E+003
  0.23816799E-002 -0.19098655E+004  0.51124351E+003  0.40498481E+003
  0.23816799E-002 -0.19137338E+004  0.51106430E+003  0.40349358E+003
  0.23816799E-002 -0.19143721E+004  0.51111750E+003  0.40246047E+003
  0.23816799E-002 -0.19142093E+004  0.51126363E+003  0.40353352E+003
  0.23816799E-002 -0.19136293E+004  0.51090492E+003  0.40360075E+003
  0.23816799E-002 -0.19111728E+004  0.51119909E+003  0.40327922E+003
  0.23816799E-002 -0.19139269E+004  0.51127179E+003  0.40338288E+003
  0.23816799E-002 -0.19110702E+004  0.51137473E+003  0.40151064E+003
  0.23816799E-002 -0.19143822E+004  0.51107228E+003  0.40381269E+003
  0.23816799E-002 -0.19137759E+004  0.51188888E+003  0.40541856E+003
  0.23816799E-002 -0.19101039E+004  0.51065503E+003  0.40214205E+003
  0.23816799E-002 -0.19139172E+004  0.51086448E+003  0.40378652E+003
  0.23816799E-002 -0.19139649E+004  0.51086517E+003  0.40380993E+003
  0.23816799E-002 -0.19144227E+004  0.51096421E+003  0.40394151E+003
  0.23816799E-002 -0.19139795E+004  0.51098992E+003  0.40369217E+003
  0.23816799E-002 -0.19142578E+004  0.51090708E+003  0.40261533E+003
  0.23816799E-002 -0.19118712E+004  0.51138494E+003  0.40190670E+003
  0.23816799E-002 -0.19142593E+004  0.51117922E+003  0.40364342E+003
  0.23816799E-002 -0.19138913E+004  0.51127307E+003  0.40336367E+003
  0.23816799E-002 -0.19134836E+004  0.51189343E+003  0.40526726E+003
  0.23816799E-002 -0.19117177E+004  0.51150006E+003  0.40171200E+003
  0.23816799E-002 -0.19139980E+004  0.51124542E+003  0.40344521E+003
  0.23816799E-002 -0.19111444E+004  0.51103530E+003  0.40342955E+003
  0.23816799E-002 -0.19117240E+004  0.51130285E+003  0.40230730E+003
  0.23816799E-002 -0.19112846E+004  0.51084978E+003  0.40254367E+003
  0.23816799E-002 -0.19138389E+004  0.51186216E+003  0.40547667E+003
  0.23816799E-002 -0.19139759E+004  0.51127830E+003  0.40340110E+003
  0.23816799E-002 -0.19143279E+004  0.51116044E+003  0.40369687E+003
  0.23816799E-002 -0.19110053E+004  0.51083718E+003  0.40355846E+003
  0.23816799E-002 -0.19132768E+004  0.51155028E+003  0.40550295E+003
  0.23816799E-002 -0.19117584E+004  0.51120889E+003  0.40202807E+003
  0.23816799E-002 -0.19109210E+004  0.51091346E+003  0.40190292E+003
  0.23816799E-002 -0.19142331E+004  0.51131836E+003  0.40349067E+003
  0.23816799E-002 -0.19135708E+004  0.51188277E+003  0.40532161E+003
  0.23816799E-002 -0.19138838E+004  0.51085643E+003  0.40377779E+003
  0.23816799E-002 -0.19105534E+004  0.51057385E+003  0.40245239E+003
  0.23816799E-002 -0.19110180E+004  0.51083964E+003  0.40356243E+003
  0.23816799E-002 -0.19140185E+004  0.51199182E+003  0.40543855E+003
  0.23816799E-002 -0.19134343E+004  0.51158786E+003  0.40554490E+003
  0.23816799E-002 -0.19117750E+004  0.51134727E+003  0.40189609E+003
  0.23816799E-002 -0.19114498E+004  0.51148115E+003  0.40159526E+003
  0.23816799E-002 -0.19139582E+004  0.51110843E+003  0.40356254E+003
  0.23816799E-002 -0.19115276E+004  0.51114985E+003  0.40236277E+003
  0.23816799E-002 -0.19133024E+004  0.51193126E+003  0.40513882E+003
  0.23816799E-002 -0.19139347E+004  0.51085006E+003  0.40380984E+003
  0.23816799E-002 -0.19143290E+004  0.51130594E+003  0.40355150E+003
  0.23816799E-002 -0.19140763E+004  0.51123886E+003  0.40349127E+003
  0.23816799E-002 -0.19113730E+004  0.51121445E+003  0.40221884E+003
  0.23816799E-002 -0.19107016E+004  0.51090598E+003  0.40179917E+003
  0.23816799E-002 -0.19141271E+004  0.51196157E+003  0.40552303E+003
  0.23816799E-002 -0.19139818E+004  0.51192165E+003  0.40548957E+003
  0.23816799E-002 -0.19143434E+004  0.51100961E+003  0.40385598E+003
  0.23816799E-002 -0.19141845E+004  0.51129679E+003  0.40348779E+003
  0.23816799E-002 -0.19144049E+004  0.51128132E+003  0.40361444E+003
  0.23816799E-002 -0.19095168E+004  0.51104621E+003  0.40500498E+003
  0.23816799E-002 -0.19130409E+004  0.51159092E+003  0.40534425E+003
  0.23816799E-002 -0.19141568E+004  0.51100630E+003  0.40376515E+003
  0.23816799E-002 -0.19126299E+004  0.51157366E+003  0.40210017E+003
  0.23816799E-002 -0.19118606E+004  0.51153161E+003  0.40175249E+003
  0.23816799E-002 -0.19144397E+004  0.51109760E+003  0.40251478E+003
  0.23816799E-002 -0.19140194E+004  0.51093416E+003  0.40376821E+003
  0.23816799E-002 -0.19127818E+004  0.51140637E+003  0.40539676E+003
  0.23816799E-002 -0.19109072E+004  0.51089889E+003  0.40344680E+003
  0.23816799E-002 -0.19105195E+004  0.51077163E+003  0.40223472E+003
  0.23816799E-002 -0.19137759E+004  0.51079954E+003  0.40378040E+003
  0.23816799E-002 -0.19139588E+004  0.51185610E+003  0.40554288E+003
  0.23816799E-002 -0.19141201E+004  0.51103454E+003  0.40371831E+003
  0.23816799E-002 -0.19133091E+004  0.51193147E+003  0.40514199E+003
  0.23816799E-002 -0.19129645E+004  0.51182772E+003  0.40201217E+003
  0.23816799E-002 -0.19126681E+004  0.51174010E+003  0.40195070E+003
  0.23816799E-002 -0.19116665E+004  0.51123162E+003  0.40195839E+003
  0.23816799E-002 -0.19104990E+004  0.51072371E+003  0.40227288E+003
  0.23816799E-002 -0.19098801E+004  0.51132777E+003  0.40490863E+003
  0.23816799E-002 -0.19142932E+004  0.51185678E+003  0.40571020E+003
  0.23816799E-002 -0.19129152E+004  0.51168624E+003  0.40213069E+003
  0.23816799E-002 -0.19139232E+004  0.51198956E+003  0.40539293E+003
  0.23816799E-002 -0.19139677E+004  0.51092552E+003  0.40375078E+003
  0.23816799E-002 -0.19113832E+004  0.51113177E+003  0.40230781E+003
  0.23816799E-002 -0.19139188E+004  0.51127784E+003  0.40337276E+003
  0.23816799E-002 -0.19094118E+004  0.51148388E+003  0.40451815E+003
  0.23816799E-002 -0.19140448E+004  0.51092774E+003  0.40378748E+003
  0.23816799E-002 -0.19143778E+004  0.51125720E+003  0.40362499E+003
  0.23816799E-002 -0.19141747E+004  0.51094921E+003  0.40253069E+003
  0.23816799E-002 -0.19119978E+004  0.51127890E+003  0.40207851E+003
  0.23816799E-002 -0.19111789E+004  0.51096595E+003  0.40237225E+003
  0.23816799E-002 -0.19125877E+004  0.51135125E+003  0.40230437E+003
  0.23816799E-002 -0.19121398E+004  0.51131115E+003  0.40211784E+003
  0.23816799E-002 -0.19110646E+004  0.51080920E+003  0.40247318E+003
  0.23816799E-002 -0.19137477E+004  0.51104149E+003  0.40352349E+003
  0.23816799E-002 -0.19101190E+004  0.51075053E+003  0.40166129E+003
  0.23816799E-002 -0.19138474E+004  0.51185583E+003  0.40548720E+003
  0.23816799E-002 -0.19102298E+004  0.51072183E+003  0.40328222E+003
  0.23816799E-002 -0.19138482E+004  0.51085739E+003  0.40375884E+003
  0.23816799E-002 -0.19141618E+004  0.51190483E+003  0.40559664E+003
  0.23816799E-002 -0.19137834E+004  0.51108475E+003  0.40349810E+003
  0.23816799E-002 -0.19143172E+004  0.51082015E+003  0.40273322E+003
  0.23816799E-002 -0.19112613E+004  0.51091627E+003  0.40246443E+003
  0.23816799E-002 -0.19117825E+004  0.51160512E+003  0.40163829E+003
  0.23816799E-002 -0.19139905E+004  0.51086716E+003  0.40382083E+003
  0.23816799E-002 -0.19137311E+004  0.51103071E+003  0.40352591E+003
  0.23816799E-002 -0.19129458E+004  0.51175746E+003  0.40207397E+003
  0.23816799E-002 -0.19110654E+004  0.51112845E+003  0.40175807E+003
  0.23816799E-002 -0.19143459E+004  0.51185604E+003  0.40573740E+003
  0.23816799E-002 -0.19143966E+004  0.51191517E+003  0.40570434E+003
  0.23816799E-002 -0.19135118E+004  0.51085370E+003  0.40359284E+003
  0.23816799E-002 -0.19136580E+004  0.51096718E+003  0.40355276E+003
  0.23816799E-002 -0.19103115E+004  0.51154088E+003  0.40491442E+003
  0.23816799E-002 -0.19128430E+004  0.51146573E+003  0.40536875E+003
  0.23816799E-002 -0.19113244E+004  0.51108665E+003  0.40232373E+003
  0.23816799E-002 -0.19103043E+004  0.51082719E+003  0.40206919E+003
  0.23816799E-002 -0.19132297E+004  0.51164650E+003  0.40538411E+003
  0.23816799E-002 -0.19140440E+004  0.51082319E+003  0.40259198E+003
  0.23816799E-002 -0.19141955E+004  0.51091563E+003  0.40257516E+003
  0.23816799E-002 -0.19137907E+004  0.51176510E+003  0.40554849E+003
  0.23816799E-002 -0.19122414E+004  0.51139398E+003  0.40208532E+003
  0.23816799E-002 -0.19140552E+004  0.51083254E+003  0.40258817E+003
  0.23816799E-002 -0.19101764E+004  0.51166134E+003  0.40472699E+003
  0.23816799E-002 -0.19129810E+004  0.51185688E+003  0.40199095E+003
  0.23816799E-002 -0.19110423E+004  0.51083754E+003  0.40357681E+003
  0.23816799E-002 -0.19128599E+004  0.51161026E+003  0.40523422E+003
  0.23816799E-002 -0.19138637E+004  0.51109299E+003  0.40353037E+003
  0.23816799E-002 -0.19130806E+004  0.51183958E+003  0.40511815E+003
  0.23816799E-002 -0.19139993E+004  0.51095058E+003  0.40374161E+003
  0.23816799E-002 -0.19139158E+004  0.51125246E+003  0.40339670E+003
  0.23816799E-002 -0.19138304E+004  0.51083792E+003  0.40376940E+003
  0.23816799E-002 -0.19142444E+004  0.51192236E+003  0.40562075E+003
  0.23816799E-002 -0.19142583E+004  0.51129421E+003  0.40352758E+003
  0.23816799E-002 -0.19116141E+004  0.51147934E+003  0.40168046E+003
  0.23816799E-002 -0.19137099E+004  0.51184202E+003  0.40543179E+003
  0.23816799E-002 -0.19136449E+004  0.51101193E+003  0.40350127E+003
  0.23816799E-002 -0.19105287E+004  0.51090086E+003  0.40171666E+003
  0.23816799E-002 -0.19104407E+004  0.51102123E+003  0.40308778E+003
  0.23816799E-002 -0.19108044E+004  0.51090117E+003  0.40339250E+003
  0.23816799E-002 -0.19141118E+004  0.51075371E+003  0.40269645E+003
  0.23816799E-002 -0.19143496E+004  0.51195564E+003  0.40564067E+003
  0.23816799E-002 -0.19128516E+004  0.51159249E+003  0.40524763E+003
  0.23816799E-002 -0.19138732E+004  0.51199462E+003  0.40536282E+003
  0.23816799E-002 -0.19138357E+004  0.51189211E+003  0.40544542E+003
  0.23816799E-002 -0.19137649E+004  0.51096764E+003  0.40360625E+003
  0.23816799E-002 -0.19144209E+004  0.51100521E+003  0.40259862E+003
  0.23816799E-002 -0.19140861E+004  0.51190488E+003  0.40555855E+003
  0.23816799E-002 -0.19135642E+004  0.51193422E+003  0.40526740E+003
  0.23816799E-002 -0.19108071E+004  0.51107008E+003  0.40168623E+003
  0.23816799E-002 -0.19114451E+004  0.51101300E+003  0.40245961E+003
  0.23816799E-002 -0.19136181E+004  0.51177584E+003  0.40545118E+003
  0.23816799E-002 -0.19135313E+004  0.51194614E+003  0.40523907E+003
  0.23816799E-002 -0.19136000E+004  0.51196668E+003  0.40525325E+003
  0.23816799E-002 -0.19100340E+004  0.51145918E+003  0.40485579E+003
  0.23816799E-002 -0.19143223E+004  0.51121293E+003  0.40364140E+003
  0.23816799E-002 -0.19096068E+004  0.51116239E+003  0.40493505E+003
  0.23816799E-002 -0.19105192E+004  0.51071900E+003  0.40228789E+003
  0.23816799E-002 -0.19142118E+004  0.51123584E+003  0.40356265E+003
  0.23816799E-002 -0.19129942E+004  0.51165402E+003  0.40525840E+003
  0.23816799E-002 -0.19139039E+004  0.51099861E+003  0.40364528E+003
  0.23816799E-002 -0.19135028E+004  0.51163714E+003  0.40553055E+003
  0.23816799E-002 -0.19125139E+004  0.51163275E+003  0.40198134E+003
  0.23816799E-002 -0.19141228E+004  0.51111942E+003  0.40363454E+003
  0.23816799E-002 -0.19139471E+004  0.51099939E+003  0.40366630E+003
  0.23816799E-002 -0.19111845E+004  0.51075873E+003  0.40258520E+003
  0.23816799E-002 -0.19131562E+004  0.51199176E+003  0.40500550E+003
  0.23816799E-002 -0.19140900E+004  0.51096712E+003  0.40377077E+003
  0.23816799E-002 -0.19110222E+004  0.51102586E+003  0.40337726E+003
  0.23816799E-002 -0.19143083E+004  0.51089433E+003  0.40265373E+003
  0.23816799E-002 -0.19143868E+004  0.51087358E+003  0.40271444E+003
  0.23816799E-002 -0.19097399E+004  0.51066807E+003  0.40308846E+003
  0.23816799E-002 -0.19139230E+004  0.51113393E+003  0.40351920E+003
  0.23816799E-002 -0.19127335E+004  0.51181189E+003  0.40191105E+003
  0.23816799E-002 -0.19143239E+004  0.51142208E+003  0.40343242E+003
  0.23816799E-002 -0.19143216E+004  0.51103514E+003  0.40381935E+003
  0.23816799E-002 -0.19140139E+004  0.51178922E+003  0.40563678E+003
  0.23816799E-002 -0.19137237E+004  0.51166886E+003  0.40561008E+003
  0.23816799E-002 -0.19140702E+004  0.51173874E+003  0.40571497E+003
  0.23816799E-002 -0.19139684E+004  0.51181301E+003  0.40559034E+003
  0.23816799E-002 -0.19141251E+004  0.51091227E+003  0.40384348E+003
  0.23816799E-002 -0.19137994E+004  0.51087271E+003  0.40371887E+003
  0.23816799E-002 -0.19101513E+004  0.51080521E+003  0.40201384E+003
  0.23816799E-002 -0.19127655E+004  0.51163703E+003  0.40210466E+003
  0.23816799E-002 -0.19105300E+004  0.51149402E+003  0.40507086E+003
  0.23816799E-002 -0.19132172E+004  0.51170428E+003  0.40532063E+003
  0.23816799E-002 -0.19132812E+004  0.51175841E+003  0.40529923E+003
  0.23816799E-002 -0.19144275E+004  0.51138436E+003  0.40352250E+003
  0.23816799E-002 -0.19104886E+004  0.51078861E+003  0.40334594E+003
  0.23816799E-002 -0.19144218E+004  0.51118639E+003  0.40371819E+003
  0.23816799E-002 -0.19119161E+004  0.51124143E+003  0.40207508E+003
  0.23816799E-002 -0.19121521E+004  0.51153725E+003  0.40189465E+003
  0.23816799E-002 -0.19117491E+004  0.51144341E+003  0.40178544E+003
  0.23816799E-002 -0.19136800E+004  0.51184950E+003  0.40540939E+003
  0.23816799E-002 -0.19132194E+004  0.51168066E+003  0.40534511E+003
  0.23816799E-002 -0.19095309E+004  0.51141018E+003  0.40465116E+003
  0.23816799E-002 -0.19102094E+004  0.51056894E+003  0.40342566E+003
  0.23816799E-002 -0.19094910E+004  0.51059519E+003  0.40303589E+003
  0.23816799E-002 -0.19140847E+004  0.51090195E+003  0.40383343E+003
  0.23816799E-002 -0.19115441E+004  0.51117183E+003  0.40195692E+003
  0.23816799E-002 -0.19143079E+004  0.51093385E+003  0.40261362E+003
  0.23816799E-002 -0.19137949E+004  0.51096624E+003  0.40362276E+003
  0.23816799E-002 -0.19120457E+004  0.51145750E+003  0.40192158E+003
  0.23816799E-002 -0.19142580E+004  0.51195315E+003  0.40559715E+003
  0.23816799E-002 -0.19094117E+004  0.51128953E+003  0.40471081E+003
  0.23816799E-002 -0.19126144E+004  0.51146209E+003  0.40220546E+003
  0.23816799E-002 -0.19143832E+004  0.51109598E+003  0.40378943E+003
  0.23816799E-002 -0.19141330E+004  0.51179746E+003  0.40568842E+003
  0.23816799E-002 -0.19132260E+004  0.51172633E+003  0.40530327E+003
  0.23816799E-002 -0.19136747E+004  0.51188047E+003  0.40537606E+003
  0.23816799E-002 -0.19140505E+004  0.51184544E+003  0.40559950E+003
  0.23816799E-002 -0.19132999E+004  0.51164851E+003  0.40541734E+003
  0.23816799E-002 -0.19104626E+004  0.51163591E+003  0.40489624E+003
  0.23816799E-002 -0.19110859E+004  0.51176811E+003  0.40507883E+003
  0.23816799E-002 -0.19109814E+004  0.51173101E+003  0.40506305E+003
  0.23816799E-002 -0.19105261E+004  0.51143509E+003  0.40512731E+003
  0.23816799E-002 -0.19112489E+004  0.51110454E+003  0.40341281E+003
  0.23816799E-002 -0.19137446E+004  0.51182265E+003  0.40546842E+003
  0.23816799E-002 -0.19131383E+004  0.51194187E+003  0.40504588E+003
  0.23816799E-002 -0.19138657E+004  0.51083230E+003  0.40379283E+003
  0.23816799E-002 -0.19110903E+004  0.51134601E+003  0.40154998E+003
  0.23816799E-002 -0.19141230E+004  0.51074927E+003  0.40270661E+003
  0.23816799E-002 -0.19110940E+004  0.51179807E+003  0.40505321E+003
  0.23816799E-002 -0.19135768E+004  0.51167369E+003  0.40553154E+003
  0.23816799E-002 -0.19139472E+004  0.51123242E+003  0.40343264E+003
  0.23816799E-002 -0.19135496E+004  0.51082056E+003  0.40364514E+003
  0.23816799E-002 -0.19123068E+004  0.51139307E+003  0.40211944E+003
  0.23816799E-002 -0.19129395E+004  0.51151725E+003  0.40536626E+003
  0.23816799E-002 -0.19142579E+004  0.51129058E+003  0.40353101E+003
  0.23816799E-002 -0.19109409E+004  0.51086311E+003  0.40235578E+003
  0.23816799E-002 -0.19144051E+004  0.51084809E+003  0.40274946E+003
  0.23816799E-002 -0.19125274E+004  0.51171380E+003  0.40190599E+003
  0.23816799E-002 -0.19129224E+004  0.51168869E+003  0.40213185E+003
  0.23816799E-002 -0.19094771E+004  0.51198152E+003  0.40178278E+003
  0.23816799E-002 -0.19139034E+004  0.51194201E+003  0.40543007E+003
  0.23816799E-002 -0.19141597E+004  0.51193964E+003  0.40556114E+003
  0.23816799E-002 -0.19133985E+004  0.51181733E+003  0.40529984E+003
  0.23816799E-002 -0.19113632E+004  0.51136849E+003  0.40166561E+003
  0.23816799E-002 -0.19110387E+004  0.51134125E+003  0.40152864E+003
  0.23816799E-002 -0.19142247E+004  0.51077944E+003  0.40272760E+003
  0.23816799E-002 -0.19141140E+004  0.51088182E+003  0.40256810E+003
  0.23816799E-002 -0.19110810E+004  0.51093946E+003  0.40349389E+003
  0.23816799E-002 -0.19099645E+004  0.51046436E+003  0.40340698E+003
  0.23816799E-002 -0.19137452E+004  0.51167520E+003  0.40561461E+003
  0.23816799E-002 -0.19129966E+004  0.51186673E+003  0.40198889E+003
  0.23816799E-002 -0.19135159E+004  0.51072993E+003  0.40371904E+003
  0.23816799E-002 -0.19141926E+004  0.51076375E+003  0.40272721E+003
  0.23816799E-002 -0.19142413E+004  0.51183955E+003  0.40570114E+003
  0.23816799E-002 -0.19144410E+004  0.51102230E+003  0.40389248E+003
  0.23816799E-002 -0.19142889E+004  0.51190339E+003  0.40566190E+003
  0.23816799E-002 -0.19143686E+004  0.51113145E+003  0.40374648E+003
  0.23816799E-002 -0.19105811E+004  0.51059162E+003  0.40359088E+003
  0.23816799E-002 -0.19096706E+004  0.51135998E+003  0.40477126E+003
  0.23816799E-002 -0.19139162E+004  0.51198381E+003  0.40539512E+003
  0.23816799E-002 -0.19135255E+004  0.51190660E+003  0.40527528E+003
  0.23816799E-002 -0.19141496E+004  0.51133989E+003  0.40342694E+003
  0.23816799E-002 -0.19101364E+004  0.51061949E+003  0.40333790E+003
  0.23816799E-002 -0.19106028E+004  0.51162678E+003  0.40497584E+003
  0.23816799E-002 -0.19111759E+004  0.51184261E+003  0.40505028E+003
  0.23816799E-002 -0.19108060E+004  0.51092035E+003  0.40337401E+003
  0.23816799E-002 -0.19112984E+004  0.51109814E+003  0.40190705E+003
  0.23816799E-002 -0.19106549E+004  0.51085762E+003  0.40336068E+003
  0.23816799E-002 -0.19141780E+004  0.51090250E+003  0.40387995E+003
  0.23816799E-002 -0.19142234E+004  0.51081362E+003  0.40269236E+003
  0.23816799E-002 -0.19109021E+004  0.51181213E+003  0.40494272E+003
  0.23816799E-002 -0.19111203E+004  0.51112604E+003  0.40332611E+003
  0.23816799E-002 -0.19107123E+004  0.51126428E+003  0.40144109E+003
  0.23816799E-002 -0.19138356E+004  0.51121032E+003  0.40339850E+003
  0.23816799E-002 -0.19129045E+004  0.51153922E+003  0.40532689E+003
  0.23816799E-002 -0.19100893E+004  0.51069519E+003  0.40209390E+003
  0.23816799E-002 -0.19133889E+004  0.51072256E+003  0.40366237E+003
  0.23816799E-002 -0.19101944E+004  0.51070988E+003  0.40213237E+003
  0.23816799E-002 -0.19126256E+004  0.51176815E+003  0.40190068E+003
  0.23816799E-002 -0.19141420E+004  0.51129029E+003  0.40347287E+003
  0.23816799E-002 -0.19107258E+004  0.51111701E+003  0.40159735E+003
  0.23816799E-002 -0.19143067E+004  0.51123995E+003  0.40360643E+003
  0.23816799E-002 -0.19140554E+004  0.51128507E+003  0.40343438E+003
  0.23816799E-002 -0.19110023E+004  0.51091749E+003  0.40347615E+003
  0.23816799E-002 -0.19142731E+004  0.51135315E+003  0.40347591E+003
  0.23816799E-002 -0.19130921E+004  0.51172763E+003  0.40523467E+003
  0.23816799E-002 -0.19139216E+004  0.51174251E+003  0.40563661E+003
  0.23816799E-002 -0.19136614E+004  0.51096260E+003  0.40355907E+003
  0.23816799E-002 -0.19130669E+004  0.51182034E+003  0.40207159E+003
  0.23816799E-002 -0.19141961E+004  0.51129598E+003  0.40349441E+003
  0.23816799E-002 -0.19138491E+004  0.51174431E+003  0.40559840E+003
  0.23816799E-002 -0.19135864E+004  0.51084121E+003  0.40364302E+003
  0.23816799E-002 -0.19113690E+004  0.51107722E+003  0.40235591E+003
  0.23816799E-002 -0.19135010E+004  0.51081455E+003  0.40362665E+003
  0.23816799E-002 -0.19136947E+004  0.51083579E+003  0.40370309E+003
  0.23816799E-002 -0.19139962E+004  0.51122766E+003  0.40346214E+003
  0.23816799E-002 -0.19127685E+004  0.51157197E+003  0.40217222E+003
  0.23816799E-002 -0.19138902E+004  0.51067494E+003  0.40266398E+003
  0.23816799E-002 -0.19137361E+004  0.51108972E+003  0.40346925E+003
  0.23816799E-002 -0.19138501E+004  0.51117590E+003  0.40344035E+003
  0.23816799E-002 -0.19114659E+004  0.51136831E+003  0.40171794E+003
  0.23816799E-002 -0.19136216E+004  0.51177938E+003  0.40544944E+003
  0.23816799E-002 -0.19138343E+004  0.51181713E+003  0.40551892E+003
  0.23816799E-002 -0.19107554E+004  0.51183986E+003  0.40484136E+003
  0.23816799E-002 -0.19125729E+004  0.51160120E+003  0.40204328E+003
  0.23816799E-002 -0.19141505E+004  0.51074485E+003  0.40272499E+003
  0.23816799E-002 -0.19142345E+004  0.51093215E+003  0.40257821E+003
  0.23816799E-002 -0.19143958E+004  0.51088010E+003  0.40271239E+003
  0.23816799E-002 -0.19134730E+004  0.51187791E+003  0.40527732E+003
  0.23816799E-002 -0.19111077E+004  0.51094744E+003  0.40235488E+003
  0.23816799E-002 -0.19141705E+004  0.51116902E+003  0.40360886E+003
  0.23816799E-002 -0.19116048E+004  0.51113108E+003  0.40242093E+003
  0.23816799E-002 -0.19118616E+004  0.51119113E+003  0.40209845E+003
  0.23816799E-002 -0.19143072E+004  0.51125715E+003  0.40358945E+003
  0.23816799E-002 -0.19112272E+004  0.51124139E+003  0.40326419E+003
  0.23816799E-002 -0.19120649E+004  0.51157238E+003  0.40181480E+003
  0.23816799E-002 -0.19140855E+004  0.51112791E+003  0.40360720E+003
  0.23816799E-002 -0.19103743E+004  0.51087361E+003  0.40205766E+003
  0.23816799E-002 -0.19099773E+004  0.51056426E+003  0.40331297E+003
  0.23816799E-002 -0.19130944E+004  0.51193699E+003  0.40196724E+003
  0.23816799E-002 -0.19107741E+004  0.51085525E+003  0.40342334E+003
  0.23816799E-002 -0.19138907E+004  0.51099438E+003  0.40364289E+003
  0.23816799E-002 -0.19143487E+004  0.51099841E+003  0.40256899E+003
  0.23816799E-002 -0.19112536E+004  0.51148788E+003  0.40148890E+003
  0.23816799E-002 -0.19109563E+004  0.51093580E+003  0.40189817E+003
  0.23816799E-002 -0.19125774E+004  0.51177656E+003  0.40186766E+003
  0.23816799E-002 -0.19130488E+004  0.51157565E+003  0.40536337E+003
  0.23816799E-002 -0.19096037E+004  0.51121189E+003  0.40488442E+003
  0.23816799E-002 -0.19127976E+004  0.51179171E+003  0.40196402E+003
  0.23816799E-002 -0.19110237E+004  0.51098095E+003  0.40227832E+003
  0.23816799E-002 -0.19105980E+004  0.51075495E+003  0.40343517E+003
  0.23816799E-002 -0.19115575E+004  0.51109964E+003  0.40242882E+003
  0.23816799E-002 -0.19125549E+004  0.51174164E+003  0.40189171E+003
  0.23816799E-002 -0.19138203E+004  0.51102727E+003  0.40357439E+003
  0.23816799E-002 -0.19129026E+004  0.51172916E+003  0.40208078E+003
  0.23816799E-002 -0.19097430E+004  0.51064267E+003  0.40311560E+003
  0.23816799E-002 -0.19140363E+004  0.51182542E+003  0.40561218E+003
  0.23816799E-002 -0.19133283E+004  0.51184205E+003  0.40524011E+003
  0.23816799E-002 -0.19123261E+004  0.51173088E+003  0.40178649E+003
  0.23816799E-002 -0.19135344E+004  0.51167857E+003  0.40550541E+003
  0.23816799E-002 -0.19108060E+004  0.51098367E+003  0.40331030E+003
  0.23816799E-002 -0.19143898E+004  0.51111058E+003  0.40247644E+003
  0.23816799E-002 -0.19136995E+004  0.51195462E+003  0.40531516E+003
  0.23816799E-002 -0.19138282E+004  0.51105456E+003  0.40355097E+003
  0.23816799E-002 -0.19125015E+004  0.51138538E+003  0.40222602E+003
  0.23816799E-002 -0.19142907E+004  0.51138524E+003  0.40345260E+003
  0.23816799E-002 -0.19133068E+004  0.51167332E+003  0.40539630E+003
  0.23816799E-002 -0.19131664E+004  0.51163199E+003  0.40536667E+003
  0.23816799E-002 -0.19142693E+004  0.51117147E+003  0.40365623E+003
  0.23816799E-002 -0.19143180E+004  0.51130893E+003  0.40354292E+003
  0.23816799E-002 -0.19144177E+004  0.51131929E+003  0.40358285E+003
  0.23816799E-002 -0.19122868E+004  0.51158375E+003  0.40191586E+003
  0.23816799E-002 -0.19104813E+004  0.51156602E+003  0.40497494E+003
  0.23816799E-002 -0.19108954E+004  0.51108523E+003  0.40325340E+003
  0.23816799E-002 -0.19097379E+004  0.51067985E+003  0.40307561E+003
  0.23816799E-002 -0.19143859E+004  0.51103984E+003  0.40384706E+003
  0.23816799E-002 -0.19101595E+004  0.51080166E+003  0.40316637E+003
  0.23816799E-002 -0.19101909E+004  0.51169314E+003  0.40470274E+003
  0.23816799E-002 -0.19102065E+004  0.51075765E+003  0.40169848E+003
  0.23816799E-002 -0.19098528E+004  0.51082780E+003  0.40298494E+003
  0.23816799E-002 -0.19140796E+004  0.51122634E+003  0.40350550E+003
  0.23816799E-002 -0.19131243E+004  0.51188221E+003  0.40203794E+003
  0.23816799E-002 -0.19100171E+004  0.51061778E+003  0.40327929E+003
  0.23816799E-002 -0.19127944E+004  0.51181061E+003  0.40194324E+003
  0.23816799E-002 -0.19140552E+004  0.51121399E+003  0.40350559E+003
  0.23816799E-002 -0.19141664E+004  0.51090216E+003  0.40387445E+003
  0.23816799E-002 -0.19128252E+004  0.51171492E+003  0.40205596E+003
  0.23816799E-002 -0.19140416E+004  0.51094756E+003  0.40376594E+003
  0.23816799E-002 -0.19107038E+004  0.51093226E+003  0.40331036E+003
  0.23816799E-002 -0.19100455E+004  0.51131191E+003  0.40500761E+003
  0.23816799E-002 -0.19108713E+004  0.51100840E+003  0.40217318E+003
  0.23816799E-002 -0.19142662E+004  0.51085534E+003  0.40267185E+003
  0.23816799E-002 -0.19142283E+004  0.51085751E+003  0.40265049E+003
  0.23816799E-002 -0.19126496E+004  0.51164960E+003  0.40203309E+003
  0.23816799E-002 -0.19123030E+004  0.51136713E+003  0.40214382E+003
  0.23816799E-002 -0.19109643E+004  0.51161197E+003  0.40517250E+003
  0.23816799E-002 -0.19099085E+004  0.51046684E+003  0.40223367E+003
  0.23816799E-002 -0.19122533E+004  0.51140774E+003  0.40207740E+003
  0.23816799E-002 -0.19129170E+004  0.51160705E+003  0.40526609E+003
  0.23816799E-002 -0.19123880E+004  0.51175550E+003  0.40179295E+003
  0.23816799E-002 -0.19097004E+004  0.51033438E+003  0.40226241E+003
  0.23816799E-002 -0.19105853E+004  0.51151020E+003  0.40508267E+003
  0.23816799E-002 -0.19137429E+004  0.51195982E+003  0.40533181E+003
  0.23816799E-002 -0.19143502E+004  0.51101240E+003  0.40385658E+003
  0.23816799E-002 -0.19142874E+004  0.51191063E+003  0.40565400E+003
  0.23816799E-002 -0.19141552E+004  0.51135392E+003  0.40341569E+003
  0.23816799E-002 -0.19141417E+004  0.51103907E+003  0.40372467E+003
  0.23816799E-002 -0.19112282E+004  0.51144414E+003  0.40152041E+003
  0.23816799E-002 -0.19137219E+004  0.51188792E+003  0.40539244E+003
  0.23816799E-002 -0.19143144E+004  0.51091251E+003  0.40263844E+003
  0.23816799E-002 -0.19137756E+004  0.51079681E+003  0.40378297E+003
  0.23816799E-002 -0.19142274E+004  0.51091731E+003  0.40389002E+003
  0.23816799E-002 -0.19106193E+004  0.51091412E+003  0.40174916E+003
  0.23816799E-002 -0.19099709E+004  0.51057726E+003  0.40215341E+003
  0.23816799E-002 -0.19141701E+004  0.51088846E+003  0.40258976E+003
  0.23816799E-002 -0.19097635E+004  0.51064067E+003  0.40312799E+003
  0.23816799E-002 -0.19139327E+004  0.51104386E+003  0.40361445E+003
  0.23816799E-002 -0.19114372E+004  0.51128980E+003  0.40178301E+003
  0.23816799E-002 -0.19139612E+004  0.51097879E+003  0.40369409E+003
  0.23816799E-002 -0.19115603E+004  0.51120192E+003  0.40232657E+003
  0.23816799E-002 -0.19106742E+004  0.51077474E+003  0.40231003E+003
  0.23816799E-002 -0.19137147E+004  0.51190870E+003  0.40536825E+003
  0.23816799E-002 -0.19143387E+004  0.51100821E+003  0.40385500E+003
  0.23816799E-002 -0.19129564E+004  0.51173581E+003  0.40515843E+003
  0.23816799E-002 -0.19141991E+004  0.51092898E+003  0.40386406E+003
  0.23816799E-002 -0.19140198E+004  0.51089807E+003  0.40380459E+003
  0.23816799E-002 -0.19106498E+004  0.51055268E+003  0.40252276E+003
  0.23816799E-002 -0.19122719E+004  0.51162494E+003  0.40186652E+003
  0.23816799E-002 -0.19112238E+004  0.51102051E+003  0.40348459E+003
  0.23816799E-002 -0.19103712E+004  0.51051656E+003  0.40241805E+003
  0.23816799E-002 -0.19141643E+004  0.51123450E+003  0.40354006E+003
  0.23816799E-002 -0.19112001E+004  0.51082137E+003  0.40252960E+003
  0.23816799E-002 -0.19109350E+004  0.51132095E+003  0.40149660E+003
  0.23816799E-002 -0.19110139E+004  0.51108855E+003  0.40330999E+003
  0.23816799E-002 -0.19139315E+004  0.51118664E+003  0.40347062E+003
  0.23816799E-002 -0.19127647E+004  0.51155577E+003  0.40218669E+003
  0.23816799E-002 -0.19144226E+004  0.51116098E+003  0.40374409E+003
  0.23816799E-002 -0.19142196E+004  0.51120513E+003  0.40359739E+003
  0.23816799E-002 -0.19142178E+004  0.51099077E+003  0.40381150E+003
  0.23816799E-002 -0.19105587E+004  0.51092072E+003  0.40324853E+003
  0.23816799E-002 -0.19141944E+004  0.51192108E+003  0.40559695E+003
  0.23816799E-002 -0.19137542E+004  0.51196757E+003  0.40532980E+003
  0.23816799E-002 -0.19134195E+004  0.51189763E+003  0.40523090E+003
  0.23816799E-002 -0.19130803E+004  0.51149804E+003  0.40545596E+003
  0.23816799E-002 -0.19136949E+004  0.51106663E+003  0.40347164E+003
  0.23816799E-002 -0.19113535E+004  0.51102035E+003  0.40201389E+003
  0.23816799E-002 -0.19102521E+004  0.51060705E+003  0.40226585E+003
  0.23816799E-002 -0.19128904E+004  0.51180012E+003  0.40200255E+003
  0.23816799E-002 -0.19124853E+004  0.51163928E+003  0.40196021E+003
  0.23816799E-002 -0.19126427E+004  0.51167031E+003  0.40200862E+003
  0.23816799E-002 -0.19143047E+004  0.51106599E+003  0.40377990E+003
  0.23816799E-002 -0.19143129E+004  0.51100479E+003  0.40254445E+003
  0.23816799E-002 -0.19120757E+004  0.51162373E+003  0.40176818E+003
  0.23816799E-002 -0.19125248E+004  0.51155713E+003  0.40206360E+003
  0.23816799E-002 -0.19105284E+004  0.51135244E+003  0.40521043E+003
  0.23816799E-002 -0.19109177E+004  0.51110280E+003  0.40170916E+003
  0.23816799E-002 -0.19133456E+004  0.51068408E+003  0.40367915E+003
  0.23816799E-002 -0.19143344E+004  0.51104044E+003  0.40382052E+003
  0.23816799E-002 -0.19123759E+004  0.51172158E+003  0.40182120E+003
  0.23816799E-002 -0.19123141E+004  0.51150490E+003  0.40200971E+003
  0.23816799E-002 -0.19138095E+004  0.51080422E+003  0.40379267E+003
  0.23816799E-002 -0.19118366E+004  0.51117997E+003  0.40209705E+003
  0.23816799E-002 -0.19128912E+004  0.51185607E+003  0.40194619E+003
  0.23816799E-002 -0.19121666E+004  0.51138171E+003  0.40205983E+003
  0.23816799E-002 -0.19142974E+004  0.51108188E+003  0.40376028E+003
  0.23816799E-002 -0.19134872E+004  0.51188703E+003  0.40527542E+003
  0.23816799E-002 -0.19131480E+004  0.51156854E+003  0.40542022E+003
  0.23816799E-002 -0.19138828E+004  0.51172762E+003  0.40563185E+003
  0.23816799E-002 -0.19139058E+004  0.51090821E+003  0.40373694E+003
  0.23816799E-002 -0.19139794E+004  0.51126868E+003  0.40341252E+003
  0.23816799E-002 -0.19142062E+004  0.51101321E+003  0.40378313E+003
  0.23816799E-002 -0.19106201E+004  0.51089649E+003  0.40215918E+003
  0.23816799E-002 -0.19140228E+004  0.51194011E+003  0.40549188E+003
  0.23816799E-002 -0.19130156E+004  0.51176080E+003  0.40516348E+003
  0.23816799E-002 -0.19121809E+004  0.51137420E+003  0.40207469E+003
  0.23816799E-002 -0.19144365E+004  0.51091441E+003  0.40269831E+003
  0.23816799E-002 -0.19140916E+004  0.51191861E+003  0.40554776E+003
  0.23816799E-002 -0.19143744E+004  0.51110889E+003  0.40377203E+003
  0.23816799E-002 -0.19103593E+004  0.51131522E+003  0.40516222E+003
  0.23816799E-002 -0.19129903E+004  0.51176156E+003  0.40209236E+003
  0.23816799E-002 -0.19141408E+004  0.51123751E+003  0.40352517E+003
  0.23816799E-002 -0.19116791E+004  0.51150004E+003  0.40169247E+003
  0.23816799E-002 -0.19132545E+004  0.51174588E+003  0.40529820E+003
  0.23816799E-002 -0.19126835E+004  0.51145308E+003  0.40530118E+003
  0.23816799E-002 -0.19110620E+004  0.51081597E+003  0.40246499E+003
  0.23816799E-002 -0.19104464E+004  0.51150379E+003  0.40501909E+003
  0.23816799E-002 -0.19096599E+004  0.51036141E+003  0.40335642E+003
  0.23816799E-002 -0.19131297E+004  0.51166720E+003  0.40531337E+003
  0.23816799E-002 -0.19130524E+004  0.51160128E+003  0.40533981E+003
  0.23816799E-002 -0.19140175E+004  0.51124335E+003  0.40345710E+003
  0.23816799E-002 -0.19106436E+004  0.51066682E+003  0.40240390E+003
  0.23816799E-002 -0.19143675E+004  0.51100011E+003  0.40257679E+003
  0.23816799E-002 -0.19143738E+004  0.51121597E+003  0.40366435E+003
  0.23816799E-002 -0.19124846E+004  0.51155120E+003  0.40204923E+003
  0.23816799E-002 -0.19126954E+004  0.51143908E+003  0.40226993E+003
  0.23816799E-002 -0.19116684E+004  0.51125031E+003  0.40194039E+003
  0.23816799E-002 -0.19136695E+004  0.51198158E+003  0.40527344E+003
  0.23816799E-002 -0.19133680E+004  0.51169906E+003  0.40540153E+003
  0.23816799E-002 -0.19143786E+004  0.51131589E+003  0.40356654E+003
  0.23816799E-002 -0.19143121E+004  0.51126785E+003  0.40358115E+003
  0.23816799E-002 -0.19138313E+004  0.51103243E+003  0.40357474E+003
  0.23816799E-002 -0.19097172E+004  0.51043208E+003  0.40331432E+003
  0.23816799E-002 -0.19136872E+004  0.51189478E+003  0.40536819E+003
  0.23816799E-002 -0.19110872E+004  0.51127359E+003  0.40162186E+003
  0.23816799E-002 -0.19144051E+004  0.51188145E+003  0.40574197E+003
  0.23816799E-002 -0.19112457E+004  0.51105412E+003  0.40192497E+003
  0.23816799E-002 -0.19131742E+004  0.51183049E+003  0.40517415E+003
  0.23816799E-002 -0.19136613E+004  0.51165816E+003  0.40558933E+003
  0.23816799E-002 -0.19142193E+004  0.51182447E+003  0.40570502E+003
  0.23816799E-002 -0.19133206E+004  0.51158351E+003  0.40549211E+003
  0.23816799E-002 -0.19142107E+004  0.51117369E+003  0.40362444E+003
  0.23816799E-002 -0.19096056E+004  0.51053642E+003  0.40200949E+003
  0.23816799E-002 -0.19139694E+004  0.51084737E+003  0.40383001E+003
  0.23816799E-002 -0.19143124E+004  0.51117168E+003  0.40367778E+003
  0.23816799E-002 -0.19105147E+004  0.51110737E+003  0.40150002E+003
  0.23816799E-002 -0.19101137E+004  0.51133499E+003  0.40501901E+003
  0.23816799E-002 -0.19136535E+004  0.51172135E+003  0.40552287E+003
  0.23816799E-002 -0.19138742E+004  0.51114736E+003  0.40348113E+003
  0.23816799E-002 -0.19142651E+004  0.51077699E+003  0.40275048E+003
  0.23816799E-002 -0.19109909E+004  0.51096761E+003  0.40342002E+003
  0.23816799E-002 -0.19144196E+004  0.51118693E+003  0.40371654E+003
  0.23816799E-002 -0.19117942E+004  0.51116593E+003  0.40208978E+003
  0.23816799E-002 -0.19109726E+004  0.51082358E+003  0.40355561E+003
  0.23816799E-002 -0.19099619E+004  0.51048994E+003  0.40223736E+003
  0.23816799E-002 -0.19143004E+004  0.51110089E+003  0.40374274E+003
  0.23816799E-002 -0.19122291E+004  0.51164695E+003  0.40182246E+003
  0.23816799E-002 -0.19130130E+004  0.51174846E+003  0.40517434E+003
  0.23816799E-002 -0.19126461E+004  0.51171895E+003  0.40196098E+003
  0.23816799E-002 -0.19124993E+004  0.51145266E+003  0.40215665E+003
  0.23816799E-002 -0.19127544E+004  0.51164194E+003  0.40209406E+003
  0.23816799E-002 -0.19110804E+004  0.51099281E+003  0.40343993E+003
  0.23816799E-002 -0.19144071E+004  0.51105026E+003  0.40254613E+003
  0.23816799E-002 -0.19139305E+004  0.51121816E+003  0.40343850E+003
  0.23816799E-002 -0.19144133E+004  0.51110577E+003  0.40379480E+003
  0.23816799E-002 -0.19136802E+004  0.51100223E+003  0.40352880E+003
  0.23816799E-002 -0.19140661E+004  0.51105202E+003  0.40367354E+003
  0.23816799E-002 -0.19115711E+004  0.51117209E+003  0.40197037E+003
  0.23816799E-002 -0.19106150E+004  0.51107917E+003  0.40311767E+003
  0.23816799E-002 -0.19142447E+004  0.51082295E+003  0.40269374E+003
  0.23816799E-002 -0.19118919E+004  0.51133593E+003  0.40196692E+003
  0.23816799E-002 -0.19137040E+004  0.51096216E+003  0.40358104E+003
  0.23816799E-002 -0.19136627E+004  0.51090661E+003  0.40361589E+003
  0.23816799E-002 -0.19111078E+004  0.51100947E+003  0.40190030E+003
  0.23816799E-002 -0.19128225E+004  0.51184330E+003  0.40192430E+003
  0.23816799E-002 -0.19114827E+004  0.51110180E+003  0.40238866E+003
  0.23816799E-002 -0.19100987E+004  0.51162041E+003  0.40472848E+003
  0.23816799E-002 -0.19138696E+004  0.51092414E+003  0.40370269E+003
  0.23816799E-002 -0.19100140E+004  0.51133380E+003  0.40497006E+003
  0.23816799E-002 -0.19113366E+004  0.51088864E+003  0.40253063E+003
  0.23816799E-002 -0.19138895E+004  0.51124100E+003  0.40339490E+003
  0.23816799E-002 -0.19109136E+004  0.51096718E+003  0.40223644E+003
  0.23816799E-002 -0.19136736E+004  0.51088401E+003  0.40364408E+003
  0.23816799E-002 -0.19114653E+004  0.51108883E+003  0.40239302E+003
  0.23816799E-002 -0.19141929E+004  0.51081627E+003  0.40267426E+003
  0.23816799E-002 -0.19107866E+004  0.51094813E+003  0.40333626E+003
  0.23816799E-002 -0.19137144E+004  0.51084466E+003  0.40370412E+003
  0.23816799E-002 -0.19135945E+004  0.51090362E+003  0.40358450E+003
  0.23816799E-002 -0.19135547E+004  0.51089147E+003  0.40357662E+003
  0.23816799E-002 -0.19107125E+004  0.51100740E+003  0.40323918E+003
  0.23816799E-002 -0.19141860E+004  0.51080786E+003  0.40267928E+003
  0.23816799E-002 -0.19137572E+004  0.51179626E+003  0.40550084E+003
  0.23816799E-002 -0.19142447E+004  0.51107456E+003  0.40374103E+003
  0.23816799E-002 -0.19142761E+004  0.51135857E+003  0.40347201E+003
  0.23816799E-002 -0.19144248E+004  0.51106580E+003  0.40384065E+003
  0.23816799E-002 -0.19099385E+004  0.51197114E+003  0.40567866E+003
  0.23816799E-002 -0.19099698E+004  0.51196908E+003  0.40569641E+003
  0.23816799E-002 -0.19100033E+004  0.51196441E+003  0.40571787E+003
  0.23816799E-002 -0.19100542E+004  0.51196870E+003  0.40573920E+003
  0.23816799E-002 -0.19101910E+004  0.51193083E+003  0.40584537E+003
  0.23816799E-002 -0.19104818E+004  0.51199057E+003  0.40593231E+003
  0.23816799E-002 -0.19106050E+004  0.51199623E+003  0.40598862E+003
  0.23816799E-002 -0.19100953E+004  0.51194859E+003  0.40577976E+003
  0.23816799E-002 -0.19101549E+004  0.51198323E+003  0.40577540E+003
  0.23816799E-002 -0.19101309E+004  0.51199655E+003  0.40575016E+003
  0.23816799E-002 -0.19099795E+004  0.51185247E+003  0.40581669E+003
  0.23816799E-002 -0.19100718E+004  0.51192162E+003  0.40579464E+003
  0.23816799E-002 -0.19103602E+004  0.51198557E+003  0.40587621E+003
  0.23816799E-002 -0.19103602E+004  0.51198553E+003  0.40587625E+003
  0.23816799E-002 -0.19100914E+004  0.51194462E+003  0.40578171E+003
  0.23816799E-002 -0.19099960E+004  0.51189016E+003  0.40578768E+003
  0.23816799E-002 -0.19099691E+004  0.51186219E+003  0.40580187E+003
  0.23816799E-002 -0.19100058E+004  0.51192949E+003  0.40575370E+003
  0.23816799E-002 -0.19103250E+004  0.51192550E+003  0.40591795E+003
  0.23816799E-002 -0.19100400E+004  0.51194866E+003  0.40575191E+003
  0.23816799E-002 -0.19099645E+004  0.51190438E+003  0.40575779E+003
  0.23816799E-002 -0.19099588E+004  0.51198712E+003  0.40567307E+003
  0.23816799E-002 -0.19101414E+004  0.51198544E+003  0.40576643E+003
  0.23816799E-002 -0.19099398E+004  0.51183194E+003  0.40581706E+003
  0.23816799E-002 -0.19104755E+004  0.51197381E+003  0.40594573E+003
  0.23816799E-002 -0.19101498E+004  0.51194946E+003  0.40580627E+003
  0.23816799E-002 -0.19101836E+004  0.51191138E+003  0.40586092E+003
  0.23816799E-002 -0.19100094E+004  0.51197961E+003  0.40570588E+003
  0.23816799E-002 -0.19100464E+004  0.51190335E+003  0.40579994E+003
  0.23816799E-002 -0.19101871E+004  0.51190027E+003  0.40587368E+003
  0.23816799E-002 -0.19103532E+004  0.51195906E+003  0.40589890E+003
  0.23816799E-002 -0.19102912E+004  0.51197682E+003  0.40585018E+003
  0.23816799E-002 -0.19102951E+004  0.51197898E+003  0.40585004E+003
  0.23816799E-002 -0.19100096E+004  0.51185281E+003  0.40583148E+003
  0.23816799E-002 -0.19100099E+004  0.51185754E+003  0.40582695E+003
  0.23816799E-002 -0.19099776E+004  0.51197106E+003  0.40569839E+003
  0.23816799E-002 -0.19099902E+004  0.51189198E+003  0.40578297E+003
  0.23816799E-002 -0.19102383E+004  0.51191830E+003  0.40588154E+003
  0.23816799E-002 -0.19099653E+004  0.51199803E+003  0.40566550E+003
  0.23816799E-002 -0.19101444E+004  0.51195567E+003  0.40579737E+003
  0.23816799E-002 -0.19100330E+004  0.51197442E+003  0.40572287E+003
  0.23816799E-002 -0.19101502E+004  0.51193752E+003  0.40581824E+003
  0.23816799E-002 -0.19101823E+004  0.51197250E+003  0.40579976E+003
  0.23816799E-002 -0.19099901E+004  0.51189613E+003  0.40577882E+003
  0.23816799E-002 -0.19105868E+004  0.51198860E+003  0.40598699E+003
  0.23816799E-002 -0.19099959E+004  0.51194503E+003  0.40573334E+003
  0.23816799E-002 -0.19099473E+004  0.51195902E+003  0.40569507E+003
  0.23816799E-002 -0.19100516E+004  0.51185603E+003  0.40584938E+003
  0.23816799E-002 -0.19101606E+004  0.51189405E+003  0.40586652E+003
