  0.31415831E-008 -0.18648524E+004  0.44036535E+003  0.45700833E+003
  0.31415831E-008 -0.18679175E+004  0.43698887E+003  0.45113107E+003
  0.31415831E-008 -0.18679177E+004  0.43697275E+003  0.45114727E+003
  0.31415831E-008 -0.18679317E+004  0.43872124E+003  0.45524843E+003
  0.31415831E-008 -0.18684215E+004  0.44181151E+003  0.45622703E+003
  0.31415831E-008 -0.18690507E+004  0.44223051E+003  0.45780374E+003
  0.31415831E-008 -0.18690935E+004  0.43917914E+003  0.45537439E+003
  0.31415831E-008 -0.18691246E+004  0.43760518E+003  0.45248713E+003
  0.31415831E-008 -0.18692453E+004  0.44244513E+003  0.45768353E+003
  0.31415831E-008 -0.18697193E+004  0.43861575E+003  0.45271860E+003
  0.31415831E-008 -0.18698410E+004  0.43821597E+003  0.45397289E+003
  0.31415831E-008 -0.18699605E+004  0.43984886E+003  0.45516577E+003
  0.31415831E-008 -0.18699887E+004  0.43716870E+003  0.45302723E+003
  0.31415831E-008 -0.18700862E+004  0.44121137E+003  0.45584528E+003
  0.31415831E-008 -0.18700946E+004  0.43697169E+003  0.45250518E+003
  0.31415831E-008 -0.18702371E+004  0.44133531E+003  0.45729932E+003
  0.31415831E-008 -0.18705160E+004  0.43845763E+003  0.45327833E+003
  0.31415831E-008 -0.18705422E+004  0.44154418E+003  0.45573896E+003
  0.31415831E-008 -0.18705907E+004  0.44138607E+003  0.45592432E+003
  0.31415831E-008 -0.18706010E+004  0.44234963E+003  0.45679083E+003
  0.31415831E-008 -0.18706189E+004  0.44070047E+003  0.45629674E+003
  0.31415831E-008 -0.18708719E+004  0.43878297E+003  0.45313035E+003
  0.31415831E-008 -0.18709547E+004  0.43995623E+003  0.45556100E+003
  0.31415831E-008 -0.18709586E+004  0.44020905E+003  0.45530664E+003
  0.31415831E-008 -0.18710172E+004  0.44092620E+003  0.45494713E+003
  0.31415831E-008 -0.18712864E+004  0.44099388E+003  0.45633785E+003
  0.31415831E-008 -0.18713482E+004  0.44020376E+003  0.45550954E+003
  0.31415831E-008 -0.18715994E+004  0.44004273E+003  0.45465483E+003
  0.31415831E-008 -0.18716563E+004  0.44123212E+003  0.45628370E+003
  0.31415831E-008 -0.18717559E+004  0.43940635E+003  0.45407304E+003
  0.31415831E-008 -0.18718294E+004  0.43879946E+003  0.45359546E+003
  0.31415831E-008 -0.18721369E+004  0.44095364E+003  0.45548703E+003
  0.31415831E-008 -0.18723199E+004  0.43962857E+003  0.45413356E+003
  0.31415831E-008 -0.18727358E+004  0.43993236E+003  0.45500471E+003
  0.31415831E-008 -0.18723718E+004  0.44037674E+003  0.45470790E+003
  0.31415831E-008 -0.18723754E+004  0.44036485E+003  0.45472174E+003
  0.31415831E-008 -0.18704028E+004  0.44228504E+003  0.45675555E+003
  0.31415831E-008 -0.18720778E+004  0.43964463E+003  0.45399530E+003
  0.31415831E-008 -0.18714808E+004  0.44098123E+003  0.45512644E+003
  0.31415831E-008 -0.18723611E+004  0.44112778E+003  0.45542429E+003
  0.31415831E-008 -0.18698987E+004  0.43749343E+003  0.45265596E+003
  0.31415831E-008 -0.18711268E+004  0.43989285E+003  0.45571251E+003
  0.31415831E-008 -0.18703995E+004  0.44055212E+003  0.45633604E+003
  0.31415831E-008 -0.18704531E+004  0.44075834E+003  0.45615355E+003
  0.31415831E-008 -0.18718791E+004  0.44093997E+003  0.45537018E+003
  0.31415831E-008 -0.18721394E+004  0.44015834E+003  0.45481101E+003
  0.31415831E-008 -0.18711262E+004  0.44085446E+003  0.45639818E+003
  0.31415831E-008 -0.18698026E+004  0.44142824E+003  0.45548056E+003
  0.31415831E-008 -0.18683571E+004  0.44192347E+003  0.45607995E+003
  0.31415831E-008 -0.18721825E+004  0.43895745E+003  0.45440594E+003
  0.31415831E-008 -0.18718051E+004  0.43813829E+003  0.45391477E+003
  0.31415831E-008 -0.18696540E+004  0.43811054E+003  0.45224592E+003
  0.31415831E-008 -0.18698166E+004  0.44232914E+003  0.45641129E+003
  0.31415831E-008 -0.18697591E+004  0.43718997E+003  0.45289058E+003
  0.31415831E-008 -0.18708519E+004  0.44062675E+003  0.45516668E+003
  0.31415831E-008 -0.18678733E+004  0.43971591E+003  0.45283945E+003
  0.31415831E-008 -0.18693095E+004  0.44109327E+003  0.45557019E+003
  0.31415831E-008 -0.18704525E+004  0.44087277E+003  0.45603684E+003
  0.31415831E-008 -0.18714057E+004  0.43838036E+003  0.45347031E+003
  0.31415831E-008 -0.18711182E+004  0.44084755E+003  0.45507803E+003
  0.31415831E-008 -0.18690209E+004  0.44054351E+003  0.45371273E+003
  0.31415831E-008 -0.18710792E+004  0.43783052E+003  0.45291029E+003
  0.31415831E-008 -0.18701477E+004  0.44026370E+003  0.45517741E+003
  0.31415831E-008 -0.18717238E+004  0.44003407E+003  0.45472645E+003
  0.31415831E-008 -0.18720200E+004  0.43933129E+003  0.45428183E+003
  0.31415831E-008 -0.18689612E+004  0.43708403E+003  0.45259633E+003
  0.31415831E-008 -0.18719870E+004  0.44016628E+003  0.45587143E+003
  0.31415831E-008 -0.18682928E+004  0.43675714E+003  0.45155086E+003
  0.31415831E-008 -0.18707927E+004  0.44059726E+003  0.45516654E+003
  0.31415831E-008 -0.18691473E+004  0.43730860E+003  0.45202382E+003
  0.31415831E-008 -0.18715601E+004  0.43872889E+003  0.45432255E+003
  0.31415831E-008 -0.18665936E+004  0.43611560E+003  0.45091981E+003
  0.31415831E-008 -0.18723971E+004  0.43982549E+003  0.45397411E+003
  0.31415831E-008 -0.18636102E+004  0.44294572E+003  0.45683731E+003
  0.31415831E-008 -0.18663876E+004  0.43612504E+003  0.45080731E+003
  0.31415831E-008 -0.18672961E+004  0.43645749E+003  0.45135158E+003
  0.31415831E-008 -0.18713236E+004  0.43887687E+003  0.45326320E+003
  0.31415831E-008 -0.18721168E+004  0.43886178E+003  0.45446927E+003
  0.31415831E-008 -0.18661362E+004  0.43612369E+003  0.45110473E+003
  0.31415831E-008 -0.18718877E+004  0.43950693E+003  0.45403821E+003
  0.31415831E-008 -0.18696518E+004  0.43786100E+003  0.45311045E+003
  0.31415831E-008 -0.18719265E+004  0.43961852E+003  0.45394535E+003
  0.31415831E-008 -0.18646126E+004  0.43762439E+003  0.45097550E+003
  0.31415831E-008 -0.18699703E+004  0.43886865E+003  0.45371444E+003
  0.31415831E-008 -0.18696627E+004  0.43752580E+003  0.45345313E+003
  0.31415831E-008 -0.18599127E+004  0.43803039E+003  0.45506903E+003
  0.31415831E-008 -0.18709688E+004  0.43837932E+003  0.45263646E+003
  0.31415831E-008 -0.18688848E+004  0.44119258E+003  0.45675459E+003
  0.31415831E-008 -0.18701854E+004  0.44113040E+003  0.45597802E+003
  0.31415831E-008 -0.18717626E+004  0.43878253E+003  0.45357890E+003
  0.31415831E-008 -0.18702868E+004  0.43807595E+003  0.45259838E+003
  0.31415831E-008 -0.18720074E+004  0.43971581E+003  0.45485538E+003
  0.31415831E-008 -0.18670761E+004  0.43655951E+003  0.45071748E+003
  0.31415831E-008 -0.18713354E+004  0.44056879E+003  0.45547053E+003
  0.31415831E-008 -0.18680340E+004  0.43794841E+003  0.45477332E+003
  0.31415831E-008 -0.18710907E+004  0.43930064E+003  0.45481165E+003
  0.31415831E-008 -0.18671215E+004  0.43672259E+003  0.45099886E+003
  0.31415831E-008 -0.18697058E+004  0.44131764E+003  0.45554377E+003
  0.31415831E-008 -0.18699619E+004  0.43688767E+003  0.45252288E+003
  0.31415831E-008 -0.18720922E+004  0.43940347E+003  0.45521397E+003
  0.31415831E-008 -0.18695086E+004  0.43799548E+003  0.45228837E+003
  0.31415831E-008 -0.18716597E+004  0.43808314E+003  0.45389708E+003
  0.31415831E-008 -0.18703495E+004  0.44179809E+003  0.45688425E+003
  0.31415831E-008 -0.18714729E+004  0.44180779E+003  0.45594445E+003
  0.31415831E-008 -0.18689538E+004  0.43730218E+003  0.45237358E+003
  0.31415831E-008 -0.18713912E+004  0.44110560E+003  0.45627753E+003
  0.31415831E-008 -0.18709095E+004  0.43757647E+003  0.45308014E+003
  0.31415831E-008 -0.18696335E+004  0.43726409E+003  0.45275311E+003
  0.31415831E-008 -0.18699165E+004  0.43767441E+003  0.45204303E+003
  0.31415831E-008 -0.18709829E+004  0.43929101E+003  0.45379950E+003
  0.31415831E-008 -0.18718776E+004  0.43958050E+003  0.45395900E+003
  0.31415831E-008 -0.18703964E+004  0.44002984E+003  0.45405970E+003
  0.31415831E-008 -0.18719638E+004  0.43975307E+003  0.45479568E+003
  0.31415831E-008 -0.18725585E+004  0.44048943E+003  0.45468845E+003
  0.31415831E-008 -0.18726153E+004  0.43991360E+003  0.45399533E+003
  0.31415831E-008 -0.18695487E+004  0.43741663E+003  0.45255738E+003
  0.31415831E-008 -0.18665382E+004  0.43821249E+003  0.45505658E+003
  0.31415831E-008 -0.18674239E+004  0.44352247E+003  0.45819566E+003
  0.31415831E-008 -0.18700763E+004  0.43834439E+003  0.45317096E+003
  0.31415831E-008 -0.18695827E+004  0.43810294E+003  0.45395664E+003
  0.31415831E-008 -0.18698223E+004  0.43744433E+003  0.45266693E+003
  0.31415831E-008 -0.18705978E+004  0.44126502E+003  0.45605097E+003
  0.31415831E-008 -0.18707493E+004  0.43843770E+003  0.45341572E+003
  0.31415831E-008 -0.18724066E+004  0.43979444E+003  0.45497768E+003
  0.31415831E-008 -0.18702323E+004  0.43823225E+003  0.45241422E+003
  0.31415831E-008 -0.18717113E+004  0.44005131E+003  0.45584821E+003
  0.31415831E-008 -0.18695844E+004  0.43844643E+003  0.45282094E+003
  0.31415831E-008 -0.18708975E+004  0.43871169E+003  0.45400581E+003
  0.31415831E-008 -0.18700707E+004  0.43769608E+003  0.45348708E+003
  0.31415831E-008 -0.18713412E+004  0.44021880E+003  0.45434646E+003
  0.31415831E-008 -0.18714198E+004  0.43790662E+003  0.45300491E+003
  0.31415831E-008 -0.18722250E+004  0.43966016E+003  0.45405388E+003
  0.31415831E-008 -0.18701137E+004  0.44056069E+003  0.45485934E+003
  0.31415831E-008 -0.18702123E+004  0.43861855E+003  0.45375423E+003
  0.31415831E-008 -0.18702910E+004  0.43802106E+003  0.45265558E+003
  0.31415831E-008 -0.18666607E+004  0.43933026E+003  0.45547288E+003
  0.31415831E-008 -0.18672294E+004  0.44008865E+003  0.45326547E+003
  0.31415831E-008 -0.18674879E+004  0.44021692E+003  0.45665803E+003
  0.31415831E-008 -0.18685599E+004  0.43872608E+003  0.45556112E+003
  0.31415831E-008 -0.18631497E+004  0.44282681E+003  0.45875742E+003
  0.31415831E-008 -0.18688925E+004  0.44276232E+003  0.45752051E+003
  0.31415831E-008 -0.18717962E+004  0.44190327E+003  0.45601188E+003
  0.31415831E-008 -0.18681429E+004  0.43950417E+003  0.45318689E+003
  0.31415831E-008 -0.18711602E+004  0.43846978E+003  0.45438216E+003
  0.31415831E-008 -0.18672986E+004  0.43990203E+003  0.45348747E+003
  0.31415831E-008 -0.18724268E+004  0.43979255E+003  0.45402227E+003
  0.31415831E-008 -0.18716082E+004  0.44016509E+003  0.45453569E+003
  0.31415831E-008 -0.18684962E+004  0.43752924E+003  0.45224781E+003
  0.31415831E-008 -0.18720922E+004  0.44015332E+003  0.45479222E+003
  0.31415831E-008 -0.18696284E+004  0.43714728E+003  0.45286780E+003
  0.31415831E-008 -0.18723047E+004  0.43886108E+003  0.45456472E+003
  0.31415831E-008 -0.18642395E+004  0.44255308E+003  0.45869675E+003
  0.31415831E-008 -0.18700888E+004  0.43950796E+003  0.45443134E+003
  0.31415831E-008 -0.18664012E+004  0.43992219E+003  0.45640402E+003
  0.31415831E-008 -0.18695555E+004  0.43780649E+003  0.45311684E+003
  0.31415831E-008 -0.18671806E+004  0.43914715E+003  0.45305990E+003
  0.31415831E-008 -0.18673319E+004  0.43681699E+003  0.45347839E+003
  0.31415831E-008 -0.18721942E+004  0.43969261E+003  0.45400565E+003
  0.31415831E-008 -0.18668146E+004  0.43904700E+003  0.45583714E+003
  0.31415831E-008 -0.18701247E+004  0.43949768E+003  0.45445985E+003
  0.31415831E-008 -0.18704085E+004  0.43740847E+003  0.45299725E+003
  0.31415831E-008 -0.18654794E+004  0.44036947E+003  0.45732424E+003
  0.31415831E-008 -0.18714260E+004  0.44161677E+003  0.45611476E+003
  0.31415831E-008 -0.18693413E+004  0.44203175E+003  0.45647199E+003
  0.31415831E-008 -0.18711939E+004  0.43924459E+003  0.45492044E+003
  0.31415831E-008 -0.18691177E+004  0.43651710E+003  0.45247115E+003
  0.31415831E-008 -0.18661261E+004  0.43646318E+003  0.45322704E+003
  0.31415831E-008 -0.18706074E+004  0.43748148E+003  0.45302383E+003
  0.31415831E-008 -0.18714481E+004  0.43992918E+003  0.45583857E+003
  0.31415831E-008 -0.18712233E+004  0.43831503E+003  0.45282876E+003
  0.31415831E-008 -0.18718653E+004  0.43965128E+003  0.45484874E+003
  0.31415831E-008 -0.18706402E+004  0.43963909E+003  0.45457760E+003
  0.31415831E-008 -0.18601293E+004  0.43611985E+003  0.44956028E+003
  0.31415831E-008 -0.18674572E+004  0.43752980E+003  0.45377669E+003
  0.31415831E-008 -0.18715037E+004  0.44179556E+003  0.45597254E+003
  0.31415831E-008 -0.18676563E+004  0.44083064E+003  0.45403704E+003
  0.31415831E-008 -0.18541331E+004  0.43734086E+003  0.44956240E+003
  0.31415831E-008 -0.18706014E+004  0.44173637E+003  0.45707584E+003
