  0.35339030E-026 -0.17888163E+004 -0.46557337E+003  0.38546825E+003
  0.35339030E-026 -0.17891298E+004 -0.46530619E+003  0.38704711E+003
  0.35339030E-026 -0.17893373E+004 -0.46593029E+003  0.38618600E+003
  0.35339030E-026 -0.17895847E+004 -0.46550442E+003  0.38504331E+003
  0.35339030E-026 -0.17896334E+004 -0.46602196E+003  0.38624326E+003
  0.35339030E-026 -0.17891160E+004 -0.46562040E+003  0.38638226E+003
  0.35339030E-026 -0.17890657E+004 -0.46619307E+003  0.38598505E+003
  0.35339030E-026 -0.17891519E+004 -0.46643283E+003  0.38579058E+003
  0.35339030E-026 -0.17895019E+004 -0.46475990E+003  0.38499473E+003
  0.35339030E-026 -0.17888695E+004 -0.46543503E+003  0.38563226E+003
  0.35339030E-026 -0.17895644E+004 -0.46612627E+003  0.38610543E+003
  0.35339030E-026 -0.17890420E+004 -0.46658755E+003  0.38652310E+003
  0.35339030E-026 -0.17890361E+004 -0.46540358E+003  0.38690368E+003
  0.35339030E-026 -0.17890022E+004 -0.46615980E+003  0.38692582E+003
  0.35339030E-026 -0.17894560E+004 -0.46481527E+003  0.38546965E+003
  0.35339030E-026 -0.17897880E+004 -0.46618994E+003  0.38534203E+003
  0.35339030E-026 -0.17899657E+004 -0.46626795E+003  0.38535343E+003
  0.35339030E-026 -0.17899802E+004 -0.46535193E+003  0.38742733E+003
  0.35339030E-026 -0.17903548E+004 -0.46636800E+003  0.38544870E+003
  0.35339030E-026 -0.17903631E+004 -0.46616698E+003  0.38565248E+003
  0.35339030E-026 -0.17903710E+004 -0.46512417E+003  0.38684318E+003
  0.35339030E-026 -0.17901774E+004 -0.46668961E+003  0.38604911E+003
  0.35339030E-026 -0.17897364E+004 -0.46525347E+003  0.38536886E+003
  0.35339030E-026 -0.17897311E+004 -0.46558638E+003  0.38672354E+003
  0.35339030E-026 -0.17901280E+004 -0.46565435E+003  0.38584884E+003
  0.35339030E-026 -0.17902759E+004 -0.46505097E+003  0.38564519E+003
  0.35339030E-026 -0.17896651E+004 -0.46518908E+003  0.38539727E+003
  0.35339030E-026 -0.17901896E+004 -0.46644434E+003  0.38529028E+003
  0.35339030E-026 -0.17900135E+004 -0.46573717E+003  0.38706209E+003
  0.35339030E-026 -0.17899917E+004 -0.46440874E+003  0.38614181E+003
  0.35339030E-026 -0.17898264E+004 -0.46522447E+003  0.38544275E+003
  0.35339030E-026 -0.17897951E+004 -0.46596343E+003  0.38638207E+003
  0.35339030E-026 -0.17897620E+004 -0.46699059E+003  0.38554307E+003
  0.35339030E-026 -0.17897010E+004 -0.46596041E+003  0.38633803E+003
  0.35339030E-026 -0.17901747E+004 -0.46602907E+003  0.38569523E+003
