  0.11123016E-171 -0.11128651E+004 -0.50789749E+003  0.24431376E+001
  0.11123016E-171 -0.11152105E+004 -0.50988310E+003  0.39312810E+001
  0.11123016E-171 -0.11145913E+004 -0.50462166E+003  0.60803744E+001
  0.11123016E-171 -0.11151855E+004 -0.50812939E+003  0.51660512E+001
  0.11123016E-171 -0.11149456E+004 -0.50468927E+003  0.61899874E+001
  0.11123016E-171 -0.11139642E+004 -0.51104417E+003  0.45863847E+001
  0.11123016E-171 -0.11133669E+004 -0.50918474E+003  0.22183109E+001
  0.11123016E-171 -0.11135633E+004 -0.50753626E+003  0.29346864E+001
  0.11123016E-171 -0.11132729E+004 -0.50925074E+003  0.21036143E+001
  0.11123016E-171 -0.11141660E+004 -0.51063749E+003  0.50928228E+001
  0.11123016E-171 -0.11149206E+004 -0.50629246E+003  0.51235745E+001
