  0.67003094E-026 -0.17857581E+004 -0.46375987E+003  0.38374844E+003
  0.67003094E-026 -0.17873845E+004 -0.46530391E+003  0.38413049E+003
  0.67003094E-026 -0.17877119E+004 -0.46323656E+003  0.38576819E+003
  0.67003094E-026 -0.17877455E+004 -0.46356290E+003  0.38420292E+003
  0.67003094E-026 -0.17879352E+004 -0.46786573E+003  0.38616861E+003
  0.67003094E-026 -0.17882064E+004 -0.46881535E+003  0.38676538E+003
  0.67003094E-026 -0.17887896E+004 -0.46418427E+003  0.38698553E+003
  0.67003094E-026 -0.17893416E+004 -0.46459172E+003  0.38685700E+003
  0.67003094E-026 -0.17896838E+004 -0.46735938E+003  0.38734661E+003
  0.67003094E-026 -0.17867531E+004 -0.46233725E+003  0.38707022E+003
  0.67003094E-026 -0.17880272E+004 -0.46279302E+003  0.38491816E+003
  0.67003094E-026 -0.17849879E+004 -0.46316636E+003  0.38840528E+003
  0.67003094E-026 -0.17890213E+004 -0.46445271E+003  0.38444173E+003
  0.67003094E-026 -0.17895124E+004 -0.46811326E+003  0.38671357E+003
  0.67003094E-026 -0.17867275E+004 -0.46924796E+003  0.38634133E+003
  0.67003094E-026 -0.17893479E+004 -0.46791131E+003  0.38683037E+003
  0.67003094E-026 -0.17852654E+004 -0.46992417E+003  0.38738651E+003
  0.67003094E-026 -0.17880377E+004 -0.46801937E+003  0.38726752E+003
  0.67003094E-026 -0.17820650E+004 -0.46004703E+003  0.38532091E+003
  0.67003094E-026 -0.17893160E+004 -0.46757766E+003  0.38694763E+003
  0.67003094E-026 -0.17875811E+004 -0.46488662E+003  0.38402523E+003
  0.67003094E-026 -0.17855555E+004 -0.47032669E+003  0.38622371E+003
  0.67003094E-026 -0.17843114E+004 -0.46892282E+003  0.38533960E+003
  0.67003094E-026 -0.17896569E+004 -0.46751612E+003  0.38610823E+003
  0.67003094E-026 -0.17891833E+004 -0.46326734E+003  0.38551066E+003
  0.67003094E-026 -0.17865095E+004 -0.46185606E+003  0.38508215E+003
  0.67003094E-026 -0.17875025E+004 -0.46739582E+003  0.38795990E+003
  0.67003094E-026 -0.17880457E+004 -0.46828416E+003  0.38528218E+003
  0.67003094E-026 -0.17878790E+004 -0.46900417E+003  0.38575815E+003
  0.67003094E-026 -0.17880087E+004 -0.46304425E+003  0.38514589E+003
  0.67003094E-026 -0.17838331E+004 -0.46288009E+003  0.38307496E+003
  0.67003094E-026 -0.17880237E+004 -0.46430690E+003  0.38736635E+003
  0.67003094E-026 -0.17867264E+004 -0.46909650E+003  0.38648986E+003
  0.67003094E-026 -0.17863994E+004 -0.46924554E+003  0.38841979E+003
  0.67003094E-026 -0.17888594E+004 -0.46740466E+003  0.38581952E+003
  0.67003094E-026 -0.17895965E+004 -0.46472046E+003  0.38508135E+003
  0.67003094E-026 -0.17877516E+004 -0.46286209E+003  0.38616135E+003
  0.67003094E-026 -0.17889539E+004 -0.46416745E+003  0.38586288E+003
  0.67003094E-026 -0.17872058E+004 -0.46239791E+003  0.38524726E+003
  0.67003094E-026 -0.17878488E+004 -0.46868260E+003  0.38804453E+003
  0.67003094E-026 -0.17863792E+004 -0.46247843E+003  0.38674169E+003
  0.67003094E-026 -0.17892198E+004 -0.46749416E+003  0.38591132E+003
  0.67003094E-026 -0.17864586E+004 -0.46698630E+003  0.38872884E+003
  0.67003094E-026 -0.17882454E+004 -0.46800822E+003  0.38565547E+003
  0.67003094E-026 -0.17840961E+004 -0.46188537E+003  0.38699377E+003
  0.67003094E-026 -0.17885918E+004 -0.46424593E+003  0.38771196E+003
  0.67003094E-026 -0.17871935E+004 -0.46841236E+003  0.38798149E+003
  0.67003094E-026 -0.17877936E+004 -0.46768748E+003  0.38574665E+003
  0.67003094E-026 -0.17889752E+004 -0.46457596E+003  0.38668930E+003
  0.67003094E-026 -0.17879436E+004 -0.46817081E+003  0.38534324E+003
  0.67003094E-026 -0.17877201E+004 -0.46740826E+003  0.38484609E+003
  0.67003094E-026 -0.17870504E+004 -0.46503946E+003  0.38360655E+003
  0.67003094E-026 -0.17808649E+004 -0.47080064E+003  0.38500121E+003
  0.67003094E-026 -0.17867583E+004 -0.46161703E+003  0.38580365E+003
  0.67003094E-026 -0.17884029E+004 -0.46252416E+003  0.38620782E+003
  0.67003094E-026 -0.17891612E+004 -0.46435259E+003  0.38700427E+003
  0.67003094E-026 -0.17830283E+004 -0.46480810E+003  0.38261230E+003
  0.67003094E-026 -0.17864168E+004 -0.47015171E+003  0.38774038E+003
  0.67003094E-026 -0.17867265E+004 -0.46831965E+003  0.38585660E+003
  0.67003094E-026 -0.17891574E+004 -0.46695707E+003  0.38641104E+003
  0.67003094E-026 -0.17862371E+004 -0.46709686E+003  0.38380292E+003
  0.67003094E-026 -0.17844540E+004 -0.46922387E+003  0.38959370E+003
  0.67003094E-026 -0.17881866E+004 -0.46385448E+003  0.38413226E+003
  0.67003094E-026 -0.17861767E+004 -0.46643377E+003  0.38913179E+003
  0.67003094E-026 -0.17887879E+004 -0.46801870E+003  0.38764325E+003
  0.67003094E-026 -0.17870832E+004 -0.46533827E+003  0.38394522E+003
