  0.13707266E-072 -0.15705619E+004 -0.45414266E+003 -0.38026713E+003
  0.13707266E-072 -0.15728472E+004 -0.45467093E+003 -0.38050325E+003
  0.13707266E-072 -0.15737008E+004 -0.45750266E+003 -0.38398286E+003
  0.13707266E-072 -0.15734722E+004 -0.45648868E+003 -0.38348315E+003
  0.13707266E-072 -0.15729291E+004 -0.45900913E+003 -0.38235368E+003
  0.13707266E-072 -0.15732901E+004 -0.45503714E+003 -0.38035773E+003
  0.13707266E-072 -0.15728699E+004 -0.45663915E+003 -0.38084550E+003
  0.13707266E-072 -0.15697667E+004 -0.45616747E+003 -0.37951207E+003
  0.13707266E-072 -0.15678406E+004 -0.46202099E+003 -0.38769319E+003
  0.13707266E-072 -0.15731939E+004 -0.45922849E+003 -0.38525696E+003
  0.13707266E-072 -0.15731786E+004 -0.45534731E+003 -0.38078845E+003
  0.13707266E-072 -0.15726250E+004 -0.45606660E+003 -0.38034971E+003
  0.13707266E-072 -0.15729061E+004 -0.45603793E+003 -0.38200680E+003
